        0.0000  -1.345520   0.271509  -1.074011 
        5.0000  -1.399907   0.326317  -1.073590 
       10.0000  -1.382476   0.310145  -1.072330 
       15.0000  -1.390439   0.332356  -1.058082 
       20.0000  -1.366292   0.302665  -1.063626 
       25.0000  -1.396763   0.327933  -1.068830 
       30.0000  -1.373033   0.267084  -1.105948 
       35.0000  -1.391539   0.289804  -1.101735 
       40.0000  -1.358492   0.252716  -1.105777 
       45.0000  -1.428582   0.327511  -1.101071 
       50.0000  -1.374266   0.280221  -1.094045 
       55.0000  -1.341250   0.246786  -1.094464 
       60.0000  -1.349475   0.250606  -1.098869 
       65.0000  -1.432530   0.310575  -1.121955 
       70.0000  -1.397337   0.235405  -1.161932 
       75.0000  -1.439615   0.285493  -1.154123 
       80.0000  -1.467425   0.319000  -1.148425 
       85.0000  -1.479997   0.310127  -1.169870 
       90.0000  -1.442421   0.281218  -1.161203 
       95.0000  -1.432101   0.313131  -1.118970 
      100.0000  -1.400728   0.263495  -1.137233 
      105.0000  -1.424133   0.284538  -1.139595 
      110.0000  -1.407961   0.270209  -1.137752 
      115.0000  -1.431252   0.317630  -1.113622 
      120.0000  -1.405156   0.318775  -1.086381 
      125.0000  -1.375215   0.296207  -1.079008 
      130.0000  -1.410569   0.300248  -1.110321 
      135.0000  -1.393785   0.286972  -1.106813 
      140.0000  -1.361534   0.268845  -1.092689 
      145.0000  -1.351252   0.256084  -1.095168 
      150.0000  -1.388900   0.308975  -1.079924 
      155.0000  -1.324573   0.247668  -1.076905 
      160.0000  -1.317403   0.276095  -1.041308 
      165.0000  -1.344549   0.317492  -1.027057 
      170.0000  -1.317582   0.301866  -1.015716 
      175.0000  -1.352888   0.352626  -1.000263 
      180.0000  -1.328492   0.311807  -1.016685 
      185.0000  -1.406319   0.384490  -1.021829 
      190.0000  -1.359896   0.351345  -1.008551 
      195.0000  -1.408095   0.393809  -1.014285 
      200.0000  -1.348511   0.297472  -1.051040 
      205.0000  -1.372587   0.337070  -1.035517 
      210.0000  -1.329328   0.306377  -1.022951 
      215.0000  -1.331752   0.304639  -1.027113 
      220.0000  -1.304570   0.298956  -1.005614 
      225.0000  -1.318209   0.386064  -0.932145 
      230.0000  -1.308639   0.353226  -0.955413 
      235.0000  -1.318691   0.355395  -0.963296 
      240.0000  -1.282541   0.307333  -0.975207 
      245.0000  -1.305820   0.300554  -1.005266 
      250.0000  -1.305103   0.278471  -1.026633 
      255.0000  -1.371839   0.319257  -1.052581 
      260.0000  -1.390095   0.330900  -1.059195 
      265.0000  -1.391194   0.329560  -1.061634 
      270.0000  -1.313572   0.240142  -1.073430 
      275.0000  -1.334810   0.238677  -1.096133 
      280.0000  -1.400028   0.279323  -1.120706 
      285.0000  -1.301652   0.230540  -1.071112 
      290.0000  -1.326775   0.263275  -1.063500 
      295.0000  -1.357518   0.285348  -1.072169 
      300.0000  -1.380974   0.307042  -1.073932 
      305.0000  -1.367158   0.305342  -1.061816 
      310.0000  -1.334991   0.294145  -1.040846 
      315.0000  -1.353903   0.297485  -1.056419 
      320.0000  -1.323404   0.278986  -1.044418 
      325.0000  -1.387805   0.312041  -1.075764 
      330.0000  -1.371069   0.256151  -1.114918 
      335.0000  -1.436650   0.302477  -1.134173 
      340.0000  -1.367867   0.252224  -1.115643 
      345.0000  -1.346923   0.262119  -1.084805 
      350.0000  -1.370318   0.261696  -1.108622 
      355.0000  -1.342660   0.264755  -1.077905 
      360.0000  -1.401962   0.329129  -1.072833 
      365.0000  -1.384892   0.305461  -1.079430 
      370.0000  -1.363371   0.309233  -1.054138 
      375.0000  -1.378051   0.353125  -1.024926 
      380.0000  -1.401834   0.340271  -1.061563 
      385.0000  -1.301280   0.283274  -1.018006 
      390.0000  -1.363731   0.344122  -1.019609 
      395.0000  -1.330640   0.310983  -1.019657 
      400.0000  -1.314604   0.266395  -1.048209 
      405.0000  -1.385394   0.359572  -1.025822 
      410.0000  -1.378031   0.346814  -1.031217 
      415.0000  -1.378277   0.355909  -1.022368 
      420.0000  -1.371810   0.331100  -1.040710 
      425.0000  -1.294073   0.254162  -1.039911 
      430.0000  -1.399006   0.323315  -1.075691 
      435.0000  -1.352713   0.290272  -1.062441 
      440.0000  -1.400784   0.349156  -1.051628 
      445.0000  -1.368542   0.301357  -1.067185 
      450.0000  -1.322022   0.270106  -1.051917 
      455.0000  -1.352371   0.281990  -1.070381 
      460.0000  -1.387368   0.303050  -1.084318 
      465.0000  -1.384215   0.305404  -1.078811 
      470.0000  -1.377341   0.293345  -1.083996 
      475.0000  -1.345649   0.272814  -1.072834 
      480.0000  -1.369588   0.303940  -1.065648 
      485.0000  -1.412988   0.372542  -1.040446 
      490.0000  -1.391663   0.367071  -1.024592 
      495.0000  -1.361435   0.336537  -1.024898 
      500.0000  -1.339844   0.311973  -1.027872 
      505.0000  -1.306109   0.279303  -1.026806 
      510.0000  -1.405365   0.379667  -1.025698 
      515.0000  -1.334337   0.312219  -1.022117 
      520.0000  -1.317709   0.327609  -0.990100 
      525.0000  -1.346074   0.325894  -1.020180 
      530.0000  -1.363800   0.343218  -1.020582 
      535.0000  -1.403511   0.404868  -0.998644 
      540.0000  -1.330557   0.331730  -0.998826 
      545.0000  -1.300724   0.301821  -0.998903 
      550.0000  -1.320643   0.329987  -0.990656 
      555.0000  -1.390657   0.392007  -0.998650 
      560.0000  -1.307536   0.313023  -0.994512 
      565.0000  -1.342567   0.357298  -0.985270 
      570.0000  -1.355167   0.372920  -0.982247 
      575.0000  -1.363280   0.374166  -0.989113 
      580.0000  -1.362473   0.360337  -1.002136 
      585.0000  -1.417894   0.406585  -1.011309 
      590.0000  -1.363687   0.343266  -1.020421 
      595.0000  -1.402472   0.369713  -1.032759 
      600.0000  -1.369870   0.329325  -1.040546 
      605.0000  -1.386026   0.346461  -1.039565 
      610.0000  -1.348284   0.304432  -1.043852 
      615.0000  -1.401641   0.341905  -1.059735 
      620.0000  -1.335318   0.271445  -1.063873 
      625.0000  -1.327383   0.278735  -1.048649 
      630.0000  -1.405401   0.385662  -1.019739 
      635.0000  -1.388778   0.289275  -1.099503 
      640.0000  -1.387606   0.294439  -1.093168 
      645.0000  -1.370280   0.298782  -1.071498 
      650.0000  -1.412906   0.350036  -1.062870 
      655.0000  -1.396738   0.308936  -1.087802 
      660.0000  -1.390718   0.313139  -1.077579 
      665.0000  -1.412075   0.326211  -1.085864 
      670.0000  -1.359658   0.259804  -1.099854 
      675.0000  -1.379298   0.298760  -1.080538 
      680.0000  -1.397525   0.329753  -1.067772 
      685.0000  -1.383720   0.311152  -1.072567 
      690.0000  -1.346938   0.307776  -1.039161 
      695.0000  -1.369795   0.342372  -1.027423 
      700.0000  -1.335370   0.288862  -1.046508 
      705.0000  -1.451776   0.408907  -1.042870 
      710.0000  -1.402827   0.356987  -1.045840 
      715.0000  -1.421303   0.381122  -1.040180 
      720.0000  -1.347935   0.297403  -1.050532 
      725.0000  -1.336421   0.285148  -1.051273 
      730.0000  -1.343578   0.321832  -1.021746 
      735.0000  -1.267099   0.275707  -0.991391 
      740.0000  -1.278983   0.270904  -1.008079 
      745.0000  -1.438465   0.420702  -1.017762 
      750.0000  -1.359551   0.375047  -0.984504 
      755.0000  -1.361335   0.358691  -1.002644 
      760.0000  -1.390669   0.395085  -0.995584 
      765.0000  -1.278838   0.321581  -0.957257 
      770.0000  -1.326063   0.333121  -0.992942 
      775.0000  -1.364248   0.370579  -0.993669 
      780.0000  -1.352887   0.377324  -0.975564 
      785.0000  -1.241949   0.245286  -0.996663 
      790.0000  -1.306607   0.345375  -0.961232 
      795.0000  -1.352700   0.357239  -0.995461 
      800.0000  -1.318844   0.345613  -0.973230 
      805.0000  -1.304457   0.339860  -0.964597 
      810.0000  -1.309461   0.326927  -0.982534 
      815.0000  -1.268348   0.283828  -0.984520 
      820.0000  -1.248852   0.255595  -0.993258 
      825.0000  -1.313146   0.315398  -0.997748 
      830.0000  -1.331281   0.333218  -0.998063 
      835.0000  -1.321073   0.308204  -1.012869 
      840.0000  -1.346915   0.345160  -1.001755 
      845.0000  -1.375081   0.329765  -1.045316 
      850.0000  -1.307219   0.264970  -1.042249 
      855.0000  -1.369637   0.341286  -1.028351 
      860.0000  -1.347608   0.317690  -1.029919 
      865.0000  -1.306656   0.271782  -1.034873 
      870.0000  -1.365067   0.306766  -1.058301 
      875.0000  -1.323455   0.251983  -1.071472 
      880.0000  -1.350626   0.268011  -1.082615 
      885.0000  -1.379724   0.329955  -1.049769 
      890.0000  -1.388663   0.328545  -1.060118 
      895.0000  -1.383396   0.339970  -1.043426 
      900.0000  -1.445894   0.356812  -1.089082 
      905.0000  -1.354267   0.247856  -1.106410 
      910.0000  -1.352622   0.240961  -1.111662 
      915.0000  -1.446287   0.324045  -1.122242 
      920.0000  -1.373502   0.272017  -1.101485 
      925.0000  -1.403864   0.287263  -1.116601 
      930.0000  -1.389440   0.260691  -1.128749 
      935.0000  -1.406942   0.277339  -1.129603 
      940.0000  -1.422731   0.293287  -1.129444 
      945.0000  -1.394448   0.260393  -1.134055 
      950.0000  -1.407901   0.306369  -1.101532 
      955.0000  -1.427068   0.325240  -1.101828 
      960.0000  -1.401543   0.294678  -1.106866 
      965.0000  -1.401760   0.298079  -1.103681 
      970.0000  -1.410746   0.275441  -1.135305 
      975.0000  -1.395520   0.295374  -1.100146 
      980.0000  -1.369075   0.259796  -1.109279 
      985.0000  -1.435012   0.300573  -1.134439 
      990.0000  -1.399904   0.273723  -1.126181 
      995.0000  -1.444340   0.308625  -1.135716 
     1000.0000  -1.394936   0.280624  -1.114312 
     1005.0000  -1.426921   0.296562  -1.130359 
     1010.0000  -1.457257   0.307961  -1.149295 
     1015.0000  -1.420105   0.256592  -1.163513 
     1020.0000  -1.438907   0.307580  -1.131327 
     1025.0000  -1.461746   0.326545  -1.135201 
     1030.0000  -1.397770   0.268166  -1.129604 
     1035.0000  -1.363730   0.220181  -1.143549 
     1040.0000  -1.450190   0.299126  -1.151064 
     1045.0000  -1.398274   0.291007  -1.107267 
     1050.0000  -1.423378   0.296440  -1.126938 
     1055.0000  -1.392482   0.247151  -1.145332 
     1060.0000  -1.437348   0.303176  -1.134172 
     1065.0000  -1.392031   0.240354  -1.151677 
     1070.0000  -1.406043   0.296754  -1.109289 
     1075.0000  -1.359660   0.259498  -1.100161 
     1080.0000  -1.354264   0.250856  -1.103408 
     1085.0000  -1.368244   0.312022  -1.056222 
     1090.0000  -1.372508   0.301600  -1.070908 
     1095.0000  -1.365197   0.278111  -1.087087 
     1100.0000  -1.375784   0.318256  -1.057528 
     1105.0000  -1.331621   0.305329  -1.026292 
     1110.0000  -1.330414   0.303441  -1.026973 
     1115.0000  -1.403907   0.349408  -1.054499 
     1120.0000  -1.407892   0.346436  -1.061457 
     1125.0000  -1.404195   0.313283  -1.090913 
     1130.0000  -1.329289   0.244262  -1.085027 
     1135.0000  -1.364516   0.283060  -1.081455 
     1140.0000  -1.393563   0.286699  -1.106864 
     1145.0000  -1.404445   0.292011  -1.112434 
     1150.0000  -1.423310   0.283883  -1.139427 
     1155.0000  -1.370280   0.236261  -1.134019 
     1160.0000  -1.406792   0.300096  -1.106696 
     1165.0000  -1.436276   0.346789  -1.089487 
     1170.0000  -1.414012   0.306996  -1.107016 
     1175.0000  -1.364867   0.246000  -1.118867 
     1180.0000  -1.402809   0.290353  -1.112456 
     1185.0000  -1.401713   0.272269  -1.129444 
     1190.0000  -1.385215   0.290978  -1.094237 
     1195.0000  -1.455142   0.353341  -1.101801 
     1200.0000  -1.378905   0.261458  -1.117448 
     1205.0000  -1.369005   0.224416  -1.144589 
     1210.0000  -1.403980   0.277222  -1.126758 
     1215.0000  -1.470378   0.338730  -1.131647 
     1220.0000  -1.357667   0.255845  -1.101822 
     1225.0000  -1.448834   0.320695  -1.128139 
     1230.0000  -1.358111   0.231329  -1.126782 
     1235.0000  -1.494888   0.378729  -1.116159 
     1240.0000  -1.433576   0.320163  -1.113413 
     1245.0000  -1.402286   0.308709  -1.093576 
     1250.0000  -1.364127   0.286578  -1.077549 
     1255.0000  -1.383064   0.293729  -1.089335 
     1260.0000  -1.405230   0.316089  -1.089141 
     1265.0000  -1.426954   0.354084  -1.072870 
     1270.0000  -1.436267   0.361957  -1.074310 
     1275.0000  -1.388449   0.310607  -1.077842 
     1280.0000  -1.317750   0.260338  -1.057412 
     1285.0000  -1.426798   0.367614  -1.059184 
     1290.0000  -1.352842   0.291534  -1.061309 
     1295.0000  -1.376216   0.315802  -1.060414 
     1300.0000  -1.373195   0.319074  -1.054121 
     1305.0000  -1.375629   0.321567  -1.054062 
     1310.0000  -1.365198   0.329893  -1.035306 
     1315.0000  -1.285025   0.230479  -1.054546 
     1320.0000  -1.397470   0.351765  -1.045704 
     1325.0000  -1.372249   0.350096  -1.022153 
     1330.0000  -1.375387   0.330105  -1.045282 
     1335.0000  -1.359822   0.301119  -1.058704 
     1340.0000  -1.328820   0.239843  -1.088977 
     1345.0000  -1.369847   0.297635  -1.072212 
     1350.0000  -1.435327   0.356418  -1.078908 
     1355.0000  -1.383318   0.302784  -1.080534 
     1360.0000  -1.347886   0.280656  -1.067230 
     1365.0000  -1.403233   0.368019  -1.035214 
     1370.0000  -1.375078   0.318996  -1.056082 
     1375.0000  -1.390985   0.333004  -1.057982 
     1380.0000  -1.260484   0.278198  -0.982287 
     1385.0000  -1.298531   0.333669  -0.964862 
     1390.0000  -1.253988   0.288383  -0.965605 
     1395.0000  -1.304832   0.334727  -0.970104 
     1400.0000  -1.222723   0.245560  -0.977162 
     1405.0000  -1.305726   0.318621  -0.987105 
     1410.0000  -1.379629   0.383302  -0.996327 
     1415.0000  -1.379666   0.360416  -1.019250 
     1420.0000  -1.397828   0.332470  -1.065358 
     1425.0000  -1.366344   0.280647  -1.085698 
     1430.0000  -1.367964   0.291927  -1.076036 
     1435.0000  -1.383725   0.292862  -1.090863 
     1440.0000  -1.348017   0.247767  -1.100249 
     1445.0000  -1.329539   0.280642  -1.048897 
     1450.0000  -1.391634   0.360459  -1.031175 
     1455.0000  -1.329233   0.284824  -1.044408 
     1460.0000  -1.376218   0.301754  -1.074464 
     1465.0000  -1.360980   0.292670  -1.068309 
     1470.0000  -1.432594   0.337479  -1.095115 
     1475.0000  -1.308266   0.230951  -1.077315 
     1480.0000  -1.339905   0.284325  -1.055580 
     1485.0000  -1.352205   0.290093  -1.062112 
     1490.0000  -1.383975   0.321585  -1.062390 
     1495.0000  -1.386377   0.344362  -1.042014 
     1500.0000  -1.373532   0.336353  -1.037180 
     1505.0000  -1.316207   0.253486  -1.062721 
     1510.0000  -1.402139   0.351656  -1.050483 
     1515.0000  -1.346386   0.303262  -1.043124 
     1520.0000  -1.349802   0.323160  -1.026642 
     1525.0000  -1.386459   0.329005  -1.057454 
     1530.0000  -1.286637   0.252672  -1.033966 
     1535.0000  -1.395200   0.349224  -1.045977 
     1540.0000  -1.371466   0.346505  -1.024961 
     1545.0000  -1.343093   0.310635  -1.032458 
     1550.0000  -1.329512   0.249770  -1.079742 
     1555.0000  -1.338143   0.277497  -1.060646 
     1560.0000  -1.337700   0.277034  -1.060666 
     1565.0000  -1.396345   0.297108  -1.099238 
     1570.0000  -1.392285   0.264035  -1.128250 
     1575.0000  -1.424970   0.291250  -1.133720 
     1580.0000  -1.381441   0.265824  -1.115617 
     1585.0000  -1.413523   0.300341  -1.113182 
     1590.0000  -1.372891   0.252948  -1.119943 
     1595.0000  -1.424843   0.299461  -1.125382 
     1600.0000  -1.430493   0.311015  -1.119478 
     1605.0000  -1.376402   0.288070  -1.088332 
     1610.0000  -1.411464   0.328262  -1.083202 
     1615.0000  -1.411552   0.323028  -1.088524 
     1620.0000  -1.356588   0.268191  -1.088398 
     1625.0000  -1.421533   0.327587  -1.093946 
     1630.0000  -1.311819   0.274407  -1.037412 
     1635.0000  -1.291492   0.253235  -1.038257 
     1640.0000  -1.337058   0.319705  -1.017353 
     1645.0000  -1.321162   0.287244  -1.033918 
     1650.0000  -1.291308   0.232017  -1.059291 
     1655.0000  -1.358423   0.302498  -1.055924 
     1660.0000  -1.382702   0.310780  -1.071922 
     1665.0000  -1.358182   0.256801  -1.101381 
     1670.0000  -1.372301   0.242009  -1.130291 
     1675.0000  -1.334976   0.220458  -1.114518 
     1680.0000  -1.409278   0.302519  -1.106759 
     1685.0000  -1.382188   0.272977  -1.109211 
     1690.0000  -1.416823   0.302037  -1.114786 
     1695.0000  -1.360516   0.271340  -1.089176 
     1700.0000  -1.390209   0.291072  -1.099136 
     1705.0000  -1.362715   0.253920  -1.108795 
     1710.0000  -1.428400   0.346325  -1.082075 
     1715.0000  -1.343463   0.228223  -1.115240 
     1720.0000  -1.394034   0.256403  -1.137631 
     1725.0000  -1.451657   0.276077  -1.175580 
     1730.0000  -1.379755   0.231915  -1.147840 
     1735.0000  -1.442857   0.292575  -1.150282 
     1740.0000  -1.443340   0.290035  -1.153304 
     1745.0000  -1.365433   0.209176  -1.156257 
     1750.0000  -1.397711   0.256342  -1.141370 
     1755.0000  -1.441754   0.295841  -1.145914 
     1760.0000  -1.426000   0.316153  -1.109847 
     1765.0000  -1.337320   0.265364  -1.071955 
     1770.0000  -1.342008   0.274926  -1.067082 
     1775.0000  -1.361114   0.272253  -1.088861 
     1780.0000  -1.357984   0.263684  -1.094300 
     1785.0000  -1.391043   0.336254  -1.054789 
     1790.0000  -1.310887   0.252006  -1.058880 
     1795.0000  -1.377984   0.319459  -1.058524 
     1800.0000  -1.383838   0.301112  -1.082726 
     1805.0000  -1.420125   0.328295  -1.091830 
     1810.0000  -1.331169   0.246770  -1.084399 
     1815.0000  -1.400281   0.317321  -1.082960 
     1820.0000  -1.319648   0.248825  -1.070823 
     1825.0000  -1.412570   0.285966  -1.126604 
     1830.0000  -1.460172   0.329055  -1.131117 
     1835.0000  -1.404731   0.264352  -1.140379 
     1840.0000  -1.421495   0.310514  -1.110981 
     1845.0000  -1.424068   0.288326  -1.135741 
     1850.0000  -1.455726   0.297225  -1.158500 
     1855.0000  -1.430677   0.274363  -1.156314 
     1860.0000  -1.464630   0.305775  -1.158855 
     1865.0000  -1.366291   0.229099  -1.137192 
     1870.0000  -1.430272   0.295284  -1.134988 
     1875.0000  -1.421974   0.286865  -1.135109 
     1880.0000  -1.439528   0.298653  -1.140875 
     1885.0000  -1.418277   0.297536  -1.120741 
     1890.0000  -1.366345   0.263113  -1.103232 
     1895.0000  -1.395546   0.248310  -1.147236 
     1900.0000  -1.415765   0.273160  -1.142605 
     1905.0000  -1.375819   0.233086  -1.142734 
     1910.0000  -1.400885   0.246273  -1.154611 
     1915.0000  -1.422727   0.267199  -1.155528 
     1920.0000  -1.436556   0.289007  -1.147550 
     1925.0000  -1.381010   0.267964  -1.113045 
     1930.0000  -1.415315   0.306935  -1.108380 
     1935.0000  -1.361633   0.292388  -1.069245 
     1940.0000  -1.398106   0.302826  -1.095280 
     1945.0000  -1.344958   0.252526  -1.092432 
     1950.0000  -1.405928   0.297373  -1.108554 
     1955.0000  -1.336168   0.278799  -1.057368 
     1960.0000  -1.316104   0.247169  -1.068935 
     1965.0000  -1.354609   0.292159  -1.062450 
     1970.0000  -1.359320   0.282889  -1.076431 
     1975.0000  -1.445998   0.365371  -1.080627 
     1980.0000  -1.391961   0.325847  -1.066114 
     1985.0000  -1.393259   0.323715  -1.069544 
     1990.0000  -1.385981   0.345930  -1.040051 
     1995.0000  -1.338727   0.325180  -1.013546 
     2000.0000  -1.338920   0.286851  -1.052069 
     2005.0000  -1.386512   0.318153  -1.068359 
     2010.0000  -1.432516   0.362760  -1.069756 
     2015.0000  -1.435298   0.336200  -1.099098 
     2020.0000  -1.346444   0.258006  -1.088438 
     2025.0000  -1.369106   0.297270  -1.071836 
     2030.0000  -1.379684   0.306519  -1.073165 
     2035.0000  -1.357922   0.306785  -1.051137 
     2040.0000  -1.407484   0.329406  -1.078079 
     2045.0000  -1.397271   0.297624  -1.099647 
     2050.0000  -1.444534   0.352175  -1.092359 
     2055.0000  -1.425081   0.305912  -1.119169 
     2060.0000  -1.428482   0.307792  -1.120690 
     2065.0000  -1.380745   0.247814  -1.132932 
     2070.0000  -1.400888   0.255984  -1.144904 
     2075.0000  -1.395583   0.252265  -1.143318 
     2080.0000  -1.392621   0.246397  -1.146225 
     2085.0000  -1.414071   0.256540  -1.157531 
     2090.0000  -1.351409   0.245364  -1.106045 
     2095.0000  -1.364615   0.230186  -1.134430 
     2100.0000  -1.425086   0.318133  -1.106954 
     2105.0000  -1.395647   0.295383  -1.100263 
     2110.0000  -1.328936   0.252408  -1.076528 
     2115.0000  -1.338828   0.262641  -1.076187 
     2120.0000  -1.423594   0.348994  -1.074600 
     2125.0000  -1.310826   0.235510  -1.075317 
     2130.0000  -1.396205   0.323665  -1.072540 
     2135.0000  -1.351830   0.302309  -1.049521 
     2140.0000  -1.334771   0.265438  -1.069333 
     2145.0000  -1.319201   0.258008  -1.061193 
     2150.0000  -1.360980   0.282425  -1.078555 
     2155.0000  -1.368519   0.293084  -1.075435 
     2160.0000  -1.401357   0.336649  -1.064708 
     2165.0000  -1.386420   0.277896  -1.108523 
     2170.0000  -1.364921   0.282482  -1.082439 
     2175.0000  -1.362379   0.284669  -1.077710 
     2180.0000  -1.441549   0.371646  -1.069903 
     2185.0000  -1.358771   0.292771  -1.066000 
     2190.0000  -1.381135   0.322004  -1.059131 
     2195.0000  -1.340507   0.277006  -1.063501 
     2200.0000  -1.368625   0.307482  -1.061143 
     2205.0000  -1.368841   0.311960  -1.056881 
     2210.0000  -1.440658   0.369422  -1.071236 
     2215.0000  -1.402063   0.349341  -1.052721 
     2220.0000  -1.353817   0.297713  -1.056105 
     2225.0000  -1.331378   0.288719  -1.042658 
     2230.0000  -1.336100   0.326116  -1.009984 
     2235.0000  -1.418604   0.392835  -1.025769 
     2240.0000  -1.296661   0.250043  -1.046618 
     2245.0000  -1.341484   0.339665  -1.001819 
     2250.0000  -1.356322   0.353468  -1.002853 
     2255.0000  -1.302818   0.333935  -0.968883 
     2260.0000  -1.359484   0.402069  -0.957415 
     2265.0000  -1.318695   0.352821  -0.965874 
     2270.0000  -1.328764   0.353435  -0.975329 
     2275.0000  -1.295886   0.329243  -0.966643 
     2280.0000  -1.272356   0.290402  -0.981954 
     2285.0000  -1.292253   0.325767  -0.966486 
     2290.0000  -1.276264   0.317666  -0.958599 
     2295.0000  -1.254538   0.298256  -0.956282 
     2300.0000  -1.232276   0.266347  -0.965929 
     2305.0000  -1.210199   0.237609  -0.972590 
     2310.0000  -1.303150   0.368592  -0.934559 
     2315.0000  -1.211388   0.291741  -0.919647 
     2320.0000  -1.221103   0.300967  -0.920137 
     2325.0000  -1.270446   0.342422  -0.928024 
     2330.0000  -1.224364   0.284633  -0.939730 
     2335.0000  -1.141001   0.190705  -0.950296 
     2340.0000  -1.262965   0.306904  -0.956061 
     2345.0000  -1.248954   0.327368  -0.921587 
     2350.0000  -1.231888   0.317431  -0.914457 
     2355.0000  -1.176477   0.234190  -0.942287 
     2360.0000  -1.194076   0.273734  -0.920343 
     2365.0000  -1.237305   0.308061  -0.929244 
     2370.0000  -1.231215   0.293010  -0.938206 
     2375.0000  -1.243446   0.277277  -0.966169 
     2380.0000  -1.221208   0.272079  -0.949129 
     2385.0000  -1.263816   0.257885  -1.005932 
     2390.0000  -1.259418   0.237977  -1.021441 
     2395.0000  -1.280959   0.252263  -1.028696 
     2400.0000  -1.355780   0.332655  -1.023125 
     2405.0000  -1.252131   0.228275  -1.023856 
     2410.0000  -1.291625   0.233343  -1.058282 
     2415.0000  -1.373068   0.319045  -1.054023 
     2420.0000  -1.262547   0.210557  -1.051989 
     2425.0000  -1.276621   0.232635  -1.043986 
     2430.0000  -1.332296   0.282421  -1.049874 
     2435.0000  -1.319049   0.294678  -1.024371 
     2440.0000  -1.338894   0.310633  -1.028262 
     2445.0000  -1.319691   0.260135  -1.059556 
     2450.0000  -1.264273   0.234613  -1.029659 
     2455.0000  -1.323525   0.272309  -1.051216 
     2460.0000  -1.311158   0.259505  -1.051653 
     2465.0000  -1.261828   0.211349  -1.050479 
     2470.0000  -1.303968   0.253961  -1.050006 
     2475.0000  -1.305801   0.275865  -1.029937 
     2480.0000  -1.310082   0.256519  -1.053563 
     2485.0000  -1.340101   0.298320  -1.041782 
     2490.0000  -1.288060   0.231047  -1.057013 
     2495.0000  -1.269082   0.227698  -1.041384 
     2500.0000  -1.321916   0.273660  -1.048256 
     2505.0000  -1.296637   0.253541  -1.043096 
     2510.0000  -1.255813   0.206951  -1.048861 
     2515.0000  -1.292658   0.243765  -1.048893 
     2520.0000  -1.281126   0.242365  -1.038760 
     2525.0000  -1.351806   0.323133  -1.028673 
     2530.0000  -1.328272   0.256167  -1.072105 
     2535.0000  -1.304168   0.227403  -1.076766 
     2540.0000  -1.390734   0.302534  -1.088200 
     2545.0000  -1.406993   0.316230  -1.090763 
     2550.0000  -1.379988   0.297299  -1.082689 
     2555.0000  -1.322290   0.242438  -1.079852 
     2560.0000  -1.367825   0.286969  -1.080856 
     2565.0000  -1.409856   0.328699  -1.081157 
     2570.0000  -1.382687   0.252009  -1.130678 
     2575.0000  -1.331134   0.247396  -1.083737 
     2580.0000  -1.411850   0.327662  -1.084188 
     2585.0000  -1.373590   0.327231  -1.046360 
     2590.0000  -1.358527   0.323173  -1.035354 
     2595.0000  -1.391769   0.347713  -1.044056 
     2600.0000  -1.426913   0.337108  -1.089805 
     2605.0000  -1.438641   0.345066  -1.093575 
     2610.0000  -1.469789   0.378637  -1.091152 
     2615.0000  -1.370731   0.260928  -1.109803 
     2620.0000  -1.338703   0.237380  -1.101322 
     2625.0000  -1.373962   0.297414  -1.076548 
     2630.0000  -1.437217   0.344306  -1.092912 
     2635.0000  -1.437271   0.348642  -1.088629 
     2640.0000  -1.350404   0.250904  -1.099500 
     2645.0000  -1.385223   0.285502  -1.099722 
     2650.0000  -1.423175   0.268199  -1.154977 
     2655.0000  -1.420242   0.254030  -1.166212 
     2660.0000  -1.375623   0.218909  -1.156714 
     2665.0000  -1.405264   0.259400  -1.145864 
     2670.0000  -1.449951   0.292424  -1.157526 
     2675.0000  -1.431429   0.312825  -1.118603 
     2680.0000  -1.391643   0.300036  -1.091607 
     2685.0000  -1.444537   0.367016  -1.077521 
     2690.0000  -1.410970   0.326457  -1.084513 
     2695.0000  -1.410152   0.298045  -1.112107 
     2700.0000  -1.405074   0.293802  -1.111272 
     2705.0000  -1.447531   0.296912  -1.150619 
     2710.0000  -1.444767   0.259350  -1.185418 
     2715.0000  -1.427300   0.256569  -1.170731 
     2720.0000  -1.400727   0.242192  -1.158536 
     2725.0000  -1.414203   0.249045  -1.165158 
     2730.0000  -1.405206   0.257794  -1.147411 
     2735.0000  -1.423141   0.257894  -1.165247 
     2740.0000  -1.407283   0.254153  -1.153129 
     2745.0000  -1.449880   0.304341  -1.145538 
     2750.0000  -1.440075   0.299462  -1.140613 
     2755.0000  -1.477559   0.340020  -1.137539 
     2760.0000  -1.437872   0.310369  -1.127503 
     2765.0000  -1.396119   0.295248  -1.100871 
     2770.0000  -1.363184   0.283880  -1.079304 
     2775.0000  -1.465260   0.396127  -1.069133 
     2780.0000  -1.373003   0.312297  -1.060706 
     2785.0000  -1.336221   0.230416  -1.105804 
     2790.0000  -1.387208   0.275503  -1.111705 
     2795.0000  -1.471400   0.355402  -1.115998 
     2800.0000  -1.373332   0.237802  -1.135531 
     2805.0000  -1.403233   0.281298  -1.121935 
     2810.0000  -1.424947   0.299482  -1.125465 
     2815.0000  -1.397852   0.274726  -1.123127 
     2820.0000  -1.404093   0.270210  -1.133882 
     2825.0000  -1.382436   0.291688  -1.090749 
     2830.0000  -1.349316   0.261275  -1.088040 
     2835.0000  -1.418196   0.304762  -1.113434 
     2840.0000  -1.331050   0.248333  -1.082717 
     2845.0000  -1.388526   0.290820  -1.097706 
     2850.0000  -1.401068   0.298271  -1.102797 
     2855.0000  -1.357681   0.258917  -1.098764 
     2860.0000  -1.372113   0.276230  -1.095883 
     2865.0000  -1.388484   0.295372  -1.093112 
     2870.0000  -1.359010   0.259630  -1.099381 
     2875.0000  -1.329331   0.262751  -1.066580 
     2880.0000  -1.452434   0.356809  -1.095625 
     2885.0000  -1.331803   0.244505  -1.087299 
     2890.0000  -1.354040   0.255257  -1.098784 
     2895.0000  -1.363625   0.257276  -1.106350 
     2900.0000  -1.404972   0.294191  -1.110781 
     2905.0000  -1.426721   0.312345  -1.114376 
     2910.0000  -1.346739   0.214723  -1.132015 
     2915.0000  -1.391771   0.270523  -1.121249 
     2920.0000  -1.419815   0.311405  -1.108410 
     2925.0000  -1.404134   0.293512  -1.110622 
     2930.0000  -1.449931   0.321264  -1.128666 
     2935.0000  -1.431961   0.297129  -1.134833 
     2940.0000  -1.367670   0.250134  -1.117536 
     2945.0000  -1.401941   0.291245  -1.110696 
     2950.0000  -1.373278   0.272852  -1.100425 
     2955.0000  -1.390637   0.292099  -1.098538 
     2960.0000  -1.355719   0.257850  -1.097870 
     2965.0000  -1.332326   0.254622  -1.077704 
     2970.0000  -1.321080   0.250097  -1.070983 
     2975.0000  -1.303620   0.231097  -1.072522 
     2980.0000  -1.367541   0.284276  -1.083266 
     2985.0000  -1.337259   0.216324  -1.120935 
     2990.0000  -1.361334   0.243252  -1.118082 
     2995.0000  -1.360050   0.262683  -1.097367 
     3000.0000  -1.348527   0.279601  -1.068927 
     3005.0000  -1.310282   0.249831  -1.060451 
     3010.0000  -1.346655   0.286395  -1.060260 
     3015.0000  -1.366376   0.282933  -1.083443 
     3020.0000  -1.339187   0.262719  -1.076468 
     3025.0000  -1.371617   0.291616  -1.080001 
     3030.0000  -1.318501   0.255877  -1.062624 
     3035.0000  -1.315076   0.209181  -1.105895 
     3040.0000  -1.321260   0.220246  -1.101014 
     3045.0000  -1.327885   0.254978  -1.072908 
     3050.0000  -1.295781   0.240694  -1.055087 
     3055.0000  -1.336814   0.236995  -1.099820 
     3060.0000  -1.363160   0.256169  -1.106991 
     3065.0000  -1.387787   0.261979  -1.125809 
     3070.0000  -1.362137   0.218363  -1.143774 
     3075.0000  -1.356567   0.227968  -1.128599 
     3080.0000  -1.370725   0.234875  -1.135849 
     3085.0000  -1.358042   0.219928  -1.138114 
     3090.0000  -1.351055   0.202657  -1.148399 
     3095.0000  -1.365372   0.234215  -1.131158 
     3100.0000  -1.353064   0.237801  -1.115263 
     3105.0000  -1.280619   0.205257  -1.075363 
     3110.0000  -1.370721   0.290780  -1.079942 
     3115.0000  -1.344146   0.251068  -1.093078 
     3120.0000  -1.366959   0.264542  -1.102417 
     3125.0000  -1.279842   0.177414  -1.102428 
     3130.0000  -1.300582   0.242454  -1.058129 
     3135.0000  -1.306810   0.278426  -1.028384 
     3140.0000  -1.308574   0.294283  -1.014291 
     3145.0000  -1.293411   0.267350  -1.026061 
     3150.0000  -1.320667   0.292703  -1.027964 
     3155.0000  -1.296514   0.300322  -0.996192 
     3160.0000  -1.265013   0.264723  -1.000290 
     3165.0000  -1.290410   0.313347  -0.977063 
     3170.0000  -1.222452   0.244165  -0.978287 
     3175.0000  -1.222263   0.230258  -0.992005 
     3180.0000  -1.322414   0.323182  -0.999232 
     3185.0000  -1.246555   0.244760  -1.001795 
     3190.0000  -1.250014   0.250437  -0.999576 
     3195.0000  -1.299646   0.304164  -0.995482 
     3200.0000  -1.340899   0.364499  -0.976400 
     3205.0000  -1.313336   0.324046  -0.989289 
     3210.0000  -1.264735   0.279426  -0.985309 
     3215.0000  -1.314269   0.340565  -0.973703 
     3220.0000  -1.279440   0.307124  -0.972315 
     3225.0000  -1.344341   0.345741  -0.998600 
     3230.0000  -1.291889   0.293594  -0.998295 
     3235.0000  -1.251793   0.270644  -0.981148 
     3240.0000  -1.273407   0.294400  -0.979007 
     3245.0000  -1.261327   0.293614  -0.967713 
     3250.0000  -1.282650   0.291752  -0.990898 
     3255.0000  -1.310419   0.316238  -0.994181 
     3260.0000  -1.266822   0.280116  -0.986707 
     3265.0000  -1.215366   0.233942  -0.981424 
     3270.0000  -1.205669   0.226351  -0.979317 
     3275.0000  -1.290416   0.282804  -1.007611 
     3280.0000  -1.335187   0.306965  -1.028222 
     3285.0000  -1.327417   0.318681  -1.008735 
     3290.0000  -1.389972   0.397220  -0.992752 
     3295.0000  -1.343904   0.304254  -1.039650 
     3300.0000  -1.422835   0.346248  -1.076586 
     3305.0000  -1.403979   0.320858  -1.083121 
     3310.0000  -1.308248   0.261832  -1.046416 
     3315.0000  -1.309007   0.306071  -1.002936 
     3320.0000  -1.350521   0.367314  -0.983206 
     3325.0000  -1.273965   0.336456  -0.937509 
     3330.0000  -1.333597   0.353940  -0.979657 
     3335.0000  -1.358782   0.355057  -1.003725 
     3340.0000  -1.368737   0.316638  -1.052099 
     3345.0000  -1.358497   0.295441  -1.063056 
     3350.0000  -1.355751   0.281811  -1.073940 
     3355.0000  -1.358775   0.278603  -1.080172 
     3360.0000  -1.398470   0.293577  -1.104893 
     3365.0000  -1.436878   0.320184  -1.116694 
     3370.0000  -1.435305   0.287322  -1.147983 
     3375.0000  -1.395320   0.247493  -1.147827 
     3380.0000  -1.401311   0.261012  -1.140299 
     3385.0000  -1.371730   0.280073  -1.091657 
     3390.0000  -1.413823   0.326290  -1.087533 
     3395.0000  -1.413426   0.284852  -1.128573 
     3400.0000  -1.405586   0.302603  -1.102984 
     3405.0000  -1.439737   0.346400  -1.093337 
     3410.0000  -1.405564   0.303843  -1.101721 
     3415.0000  -1.368984   0.280826  -1.088158 
     3420.0000  -1.382448   0.277285  -1.105163 
     3425.0000  -1.413658   0.319342  -1.094316 
     3430.0000  -1.356757   0.271227  -1.085529 
     3435.0000  -1.367841   0.290707  -1.077134 
     3440.0000  -1.347465   0.273550  -1.073915 
     3445.0000  -1.445845   0.340347  -1.105498 
     3450.0000  -1.380432   0.269975  -1.110458 
     3455.0000  -1.386520   0.271466  -1.115054 
     3460.0000  -1.445953   0.341365  -1.104589 
     3465.0000  -1.377546   0.272851  -1.104695 
     3470.0000  -1.429033   0.318142  -1.110891 
     3475.0000  -1.400351   0.295621  -1.104730 
     3480.0000  -1.415803   0.282500  -1.133302 
     3485.0000  -1.374352   0.270061  -1.104290 
     3490.0000  -1.366355   0.254603  -1.111753 
     3495.0000  -1.387931   0.306085  -1.081845 
     3500.0000  -1.416119   0.283994  -1.132125 
     3505.0000  -1.352769   0.251942  -1.100827 
     3510.0000  -1.418159   0.327242  -1.090918 
     3515.0000  -1.376993   0.302171  -1.074822 
     3520.0000  -1.367306   0.291131  -1.076175 
     3525.0000  -1.404845   0.329889  -1.074956 
     3530.0000  -1.381210   0.293398  -1.087813 
     3535.0000  -1.433353   0.346105  -1.087249 
     3540.0000  -1.344851   0.282456  -1.062395 
     3545.0000  -1.315437   0.255019  -1.060417 
     3550.0000  -1.362072   0.272021  -1.090051 
     3555.0000  -1.393976   0.324021  -1.069955 
     3560.0000  -1.339827   0.268152  -1.071675 
     3565.0000  -1.380935   0.294505  -1.086430 
     3570.0000  -1.344036   0.256648  -1.087388 
     3575.0000  -1.328837   0.244711  -1.084126 
     3580.0000  -1.403819   0.291153  -1.112666 
     3585.0000  -1.338387   0.234864  -1.103522 
     3590.0000  -1.379402   0.275052  -1.104349 
     3595.0000  -1.389883   0.293755  -1.096127 
     3600.0000  -1.450272   0.364629  -1.085643 
     3605.0000  -1.353245   0.273329  -1.079915 
     3610.0000  -1.376926   0.276211  -1.100715 
     3615.0000  -1.442958   0.334375  -1.108583 
     3620.0000  -1.427785   0.324053  -1.103732 
     3625.0000  -1.410297   0.285922  -1.124375 
     3630.0000  -1.395468   0.255141  -1.140326 
     3635.0000  -1.372882   0.225785  -1.147098 
     3640.0000  -1.445195   0.212828  -1.232367 
     3645.0000  -1.488915   0.252614  -1.236301 
     3650.0000  -1.488404   0.211837  -1.276567 
     3655.0000  -1.493870   0.252623  -1.241247 
     3660.0000  -1.520715   0.272696  -1.248019 
     3665.0000  -1.473995   0.235264  -1.238731 
     3670.0000  -1.456199   0.235013  -1.221187 
     3675.0000  -1.490575   0.261766  -1.228809 
     3680.0000  -1.454158   0.278063  -1.176095 
     3685.0000  -1.402636   0.255224  -1.147412 
     3690.0000  -1.472282   0.296903  -1.175379 
     3695.0000  -1.477930   0.293475  -1.184455 
     3700.0000  -1.458629   0.257841  -1.200788 
     3705.0000  -1.506113   0.302707  -1.203406 
     3710.0000  -1.475637   0.238092  -1.237545 
     3715.0000  -1.516051   0.256272  -1.259779 
     3720.0000  -1.441556   0.236075  -1.205481 
     3725.0000  -1.425446   0.230090  -1.195355 
     3730.0000  -1.419485   0.222930  -1.196555 
     3735.0000  -1.434452   0.239725  -1.194727 
     3740.0000  -1.451635   0.253333  -1.198303 
     3745.0000  -1.462136   0.285691  -1.176445 
     3750.0000  -1.485675   0.293951  -1.191724 
     3755.0000  -1.436387   0.250071  -1.186316 
     3760.0000  -1.438311   0.247763  -1.190548 
     3765.0000  -1.467589   0.294468  -1.173120 
     3770.0000  -1.367172   0.183296  -1.183876 
     3775.0000  -1.426260   0.256928  -1.169333 
     3780.0000  -1.403865   0.245778  -1.158087 
     3785.0000  -1.412469   0.275152  -1.137317 
     3790.0000  -1.405954   0.238067  -1.167887 
     3795.0000  -1.408309   0.236275  -1.172034 
     3800.0000  -1.425768   0.241133  -1.184636 
     3805.0000  -1.431244   0.261186  -1.170058 
     3810.0000  -1.442960   0.242129  -1.200831 
     3815.0000  -1.465663   0.255180  -1.210483 
     3820.0000  -1.457726   0.307156  -1.150570 
     3825.0000  -1.422416   0.275421  -1.146995 
     3830.0000  -1.435085   0.295574  -1.139511 
     3835.0000  -1.417758   0.322669  -1.095089 
     3840.0000  -1.381660   0.263812  -1.117848 
     3845.0000  -1.424565   0.314545  -1.110019 
     3850.0000  -1.418151   0.300568  -1.117583 
     3855.0000  -1.425415   0.282736  -1.142679 
     3860.0000  -1.419118   0.253394  -1.165724 
     3865.0000  -1.455263   0.286045  -1.169218 
     3870.0000  -1.452747   0.275230  -1.177516 
     3875.0000  -1.448888   0.264608  -1.184280 
     3880.0000  -1.437334   0.253055  -1.184279 
     3885.0000  -1.409783   0.202578  -1.207204 
     3890.0000  -1.448437   0.283403  -1.165034 
     3895.0000  -1.474916   0.321789  -1.153127 
     3900.0000  -1.390906   0.250798  -1.140108 
     3905.0000  -1.453718   0.327758  -1.125960 
     3910.0000  -1.421545   0.288608  -1.132938 
     3915.0000  -1.408911   0.261887  -1.147024 
     3920.0000  -1.400856   0.285308  -1.115548 
     3925.0000  -1.392670   0.272784  -1.119886 
     3930.0000  -1.391483   0.264810  -1.126673 
     3935.0000  -1.448625   0.311530  -1.137095 
     3940.0000  -1.421950   0.298468  -1.123482 
     3945.0000  -1.414324   0.310375  -1.103949 
     3950.0000  -1.362860   0.259435  -1.103425 
     3955.0000  -1.365741   0.274081  -1.091660 
     3960.0000  -1.377578   0.290399  -1.087179 
     3965.0000  -1.436240   0.343371  -1.092869 
     3970.0000  -1.351519   0.307203  -1.044317 
     3975.0000  -1.364451   0.318154  -1.046297 
     3980.0000  -1.396426   0.339773  -1.056653 
     3985.0000  -1.407984   0.344767  -1.063217 
     3990.0000  -1.309399   0.259988  -1.049410 
     3995.0000  -1.404350   0.347573  -1.056776 
     4000.0000  -1.443958   0.369676  -1.074282 
     4005.0000  -1.308455   0.243033  -1.065422 
     4010.0000  -1.343489   0.245416  -1.098073 
     4015.0000  -1.357619   0.274182  -1.083438 
     4020.0000  -1.394903   0.308235  -1.086668 
     4025.0000  -1.353414   0.241211  -1.112203 
     4030.0000  -1.391252   0.289484  -1.101768 
     4035.0000  -1.398108   0.295015  -1.103093 
     4040.0000  -1.392341   0.271466  -1.120875 
     4045.0000  -1.421093   0.288190  -1.132903 
     4050.0000  -1.393733   0.263864  -1.129869 
     4055.0000  -1.446122   0.287441  -1.158682 
     4060.0000  -1.361330   0.211726  -1.149604 
     4065.0000  -1.413383   0.266012  -1.147371 
     4070.0000  -1.339631   0.183983  -1.155648 
     4075.0000  -1.408604   0.229254  -1.179350 
     4080.0000  -1.388104   0.246050  -1.142053 
     4085.0000  -1.477496   0.340229  -1.137267 
     4090.0000  -1.380130   0.245104  -1.135026 
     4095.0000  -1.408135   0.303668  -1.104467 
     4100.0000  -1.426575   0.326470  -1.100105 
     4105.0000  -1.351980   0.234954  -1.117026 
     4110.0000  -1.436618   0.278805  -1.157813 
     4115.0000  -1.442060   0.252511  -1.189549 
     4120.0000  -1.505182   0.313771  -1.191412 
     4125.0000  -1.432610   0.236104  -1.196506 
     4130.0000  -1.488691   0.288885  -1.199806 
     4135.0000  -1.421357   0.224309  -1.197048 
     4140.0000  -1.394736   0.196680  -1.198056 
     4145.0000  -1.404065   0.217326  -1.186739 
     4150.0000  -1.423877   0.232529  -1.191349 
     4155.0000  -1.445412   0.252194  -1.193218 
     4160.0000  -1.435619   0.242477  -1.193141 
     4165.0000  -1.477501   0.296960  -1.180541 
     4170.0000  -1.408072   0.227333  -1.180739 
     4175.0000  -1.424995   0.258214  -1.166782 
     4180.0000  -1.434657   0.259469  -1.175188 
     4185.0000  -1.419891   0.251762  -1.168129 
     4190.0000  -1.381671   0.218045  -1.163626 
     4195.0000  -1.384935   0.224233  -1.160703 
     4200.0000  -1.433587   0.245094  -1.188493 
     4205.0000  -1.434496   0.271662  -1.162834 
     4210.0000  -1.420944   0.248177  -1.172767 
     4215.0000  -1.426827   0.247609  -1.179218 
     4220.0000  -1.432255   0.282409  -1.149846 
     4225.0000  -1.410309   0.281976  -1.128334 
     4230.0000  -1.458627   0.356918  -1.101709 
     4235.0000  -1.382075   0.252603  -1.129471 
     4240.0000  -1.405023   0.273557  -1.131466 
     4245.0000  -1.435245   0.309482  -1.125763 
     4250.0000  -1.428078   0.296892  -1.131186 
     4255.0000  -1.370626   0.306385  -1.064241 
     4260.0000  -1.343946   0.272304  -1.071642 
     4265.0000  -1.369023   0.317023  -1.052001 
     4270.0000  -1.402040   0.331028  -1.071013 
     4275.0000  -1.358608   0.317232  -1.041376 
     4280.0000  -1.380597   0.349412  -1.031184 
     4285.0000  -1.369456   0.319782  -1.049674 
     4290.0000  -1.409051   0.347270  -1.061781 
     4295.0000  -1.378821   0.349476  -1.029345 
     4300.0000  -1.377215   0.342220  -1.034995 
     4305.0000  -1.425053   0.381449  -1.043605 
     4310.0000  -1.365880   0.329768  -1.036112 
     4315.0000  -1.341399   0.328682  -1.012716 
     4320.0000  -1.393136   0.356160  -1.036976 
     4325.0000  -1.398866   0.303323  -1.095543 
     4330.0000  -1.377290   0.275569  -1.101721 
     4335.0000  -1.343823   0.278774  -1.065048 
     4340.0000  -1.420176   0.359264  -1.060912 
     4345.0000  -1.362966   0.289594  -1.073371 
     4350.0000  -1.384632   0.326700  -1.057932 
     4355.0000  -1.367034   0.308252  -1.058782 
     4360.0000  -1.363077   0.311700  -1.051377 
     4365.0000  -1.325125   0.271981  -1.053144 
     4370.0000  -1.391522   0.313213  -1.078309 
     4375.0000  -1.421647   0.342980  -1.078666 
     4380.0000  -1.350084   0.291887  -1.058197 
     4385.0000  -1.432803   0.374161  -1.058642 
     4390.0000  -1.361360   0.320425  -1.040935 
     4395.0000  -1.364818   0.332419  -1.032399 
     4400.0000  -1.392549   0.352315  -1.040234 
     4405.0000  -1.409275   0.362364  -1.046911 
     4410.0000  -1.370075   0.313557  -1.056518 
     4415.0000  -1.356525   0.289661  -1.066865 
     4420.0000  -1.420658   0.377820  -1.042838 
     4425.0000  -1.355052   0.304157  -1.050895 
     4430.0000  -1.421367   0.358139  -1.063227 
     4435.0000  -1.311655   0.269830  -1.041825 
     4440.0000  -1.357155   0.316156  -1.040998 
     4445.0000  -1.393295   0.302725  -1.090570 
     4450.0000  -1.421005   0.313945  -1.107060 
     4455.0000  -1.366168   0.263468  -1.102700 
     4460.0000  -1.422015   0.303434  -1.118581 
     4465.0000  -1.448970   0.323032  -1.125938 
     4470.0000  -1.417874   0.286941  -1.130933 
     4475.0000  -1.399431   0.312705  -1.086726 
     4480.0000  -1.393366   0.269443  -1.123923 
     4485.0000  -1.412460   0.295262  -1.117198 
     4490.0000  -1.455208   0.325318  -1.129891 
     4495.0000  -1.475663   0.343713  -1.131950 
     4500.0000  -1.453674   0.304182  -1.149493 
     4505.0000  -1.375751   0.255253  -1.120498 
     4510.0000  -1.394036   0.293764  -1.100271 
     4515.0000  -1.385343   0.297626  -1.087717 
     4520.0000  -1.360448   0.275363  -1.085085 
     4525.0000  -1.397621   0.302577  -1.095044 
     4530.0000  -1.420177   0.343192  -1.076985 
     4535.0000  -1.398988   0.325815  -1.073173 
     4540.0000  -1.361811   0.333702  -1.028109 
     4545.0000  -1.306957   0.278759  -1.028198 
     4550.0000  -1.303318   0.258833  -1.044484 
     4555.0000  -1.345284   0.318742  -1.026542 
     4560.0000  -1.278803   0.246636  -1.032168 
     4565.0000  -1.368813   0.338249  -1.030564 
     4570.0000  -1.357870   0.321272  -1.036598 
     4575.0000  -1.372239   0.317712  -1.054528 
     4580.0000  -1.398213   0.347494  -1.050719 
     4585.0000  -1.328369   0.310095  -1.018274 
     4590.0000  -1.334109   0.278811  -1.055298 
     4595.0000  -1.433997   0.380352  -1.053645 
     4600.0000  -1.363245   0.305099  -1.058147 
     4605.0000  -1.346652   0.336184  -1.010468 
     4610.0000  -1.315400   0.279668  -1.035732 
     4615.0000  -1.290150   0.272638  -1.017512 
     4620.0000  -1.386659   0.329279  -1.057380 
     4625.0000  -1.357287   0.266620  -1.090667 
     4630.0000  -1.393311   0.292136  -1.101176 
     4635.0000  -1.378346   0.249240  -1.129106 
     4640.0000  -1.381305   0.268218  -1.113086 
     4645.0000  -1.419858   0.308194  -1.111665 
     4650.0000  -1.368690   0.244163  -1.124527 
     4655.0000  -1.378314   0.278303  -1.100011 
     4660.0000  -1.423194   0.310413  -1.112781 
     4665.0000  -1.436778   0.323959  -1.112818 
     4670.0000  -1.393941   0.291590  -1.102351 
     4675.0000  -1.413943   0.292961  -1.120983 
     4680.0000  -1.461159   0.324655  -1.136504 
     4685.0000  -1.443157   0.313595  -1.129562 
     4690.0000  -1.413393   0.304018  -1.109375 
     4695.0000  -1.358059   0.210229  -1.147831 
     4700.0000  -1.384086   0.235350  -1.148736 
     4705.0000  -1.395921   0.239511  -1.156410 
     4710.0000  -1.437145   0.266882  -1.170264 
     4715.0000  -1.476085   0.339276  -1.136809 
     4720.0000  -1.443466   0.292602  -1.150865 
     4725.0000  -1.413838   0.270309  -1.143529 
     4730.0000  -1.441468   0.292988  -1.148480 
     4735.0000  -1.467528   0.267108  -1.200420 
     4740.0000  -1.460446   0.263389  -1.197057 
     4745.0000  -1.392428   0.245507  -1.146921 
     4750.0000  -1.407604   0.253960  -1.153644 
     4755.0000  -1.406499   0.227216  -1.179283 
     4760.0000  -1.404432   0.228649  -1.175784 
     4765.0000  -1.429217   0.258916  -1.170301 
     4770.0000  -1.434303   0.242406  -1.191897 
     4775.0000  -1.447042   0.273788  -1.173254 
     4780.0000  -1.429422   0.258695  -1.170727 
     4785.0000  -1.431958   0.245567  -1.186390 
     4790.0000  -1.425158   0.273036  -1.152122 
     4795.0000  -1.393392   0.235948  -1.157444 
     4800.0000  -1.410879   0.253300  -1.157579 
     4805.0000  -1.452604   0.262879  -1.189725 
     4810.0000  -1.468221   0.289668  -1.178553 
     4815.0000  -1.409255   0.236293  -1.172962 
     4820.0000  -1.457492   0.291159  -1.166333 
     4825.0000  -1.352099   0.208229  -1.143869 
     4830.0000  -1.479633   0.303311  -1.176321 
     4835.0000  -1.433282   0.255056  -1.178227 
     4840.0000  -1.484538   0.270577  -1.213960 
     4845.0000  -1.462768   0.285091  -1.177677 
     4850.0000  -1.422668   0.217685  -1.204983 
     4855.0000  -1.468659   0.334145  -1.134514 
     4860.0000  -1.441873   0.312293  -1.129580 
     4865.0000  -1.388452   0.274568  -1.113885 
     4870.0000  -1.412780   0.291276  -1.121505 
     4875.0000  -1.408998   0.288171  -1.120827 
     4880.0000  -1.405622   0.262836  -1.142785 
     4885.0000  -1.427338   0.262222  -1.165116 
     4890.0000  -1.396721   0.232550  -1.164171 
     4895.0000  -1.476803   0.323526  -1.153277 
     4900.0000  -1.438783   0.273350  -1.165433 
     4905.0000  -1.363711   0.202793  -1.160918 
     4910.0000  -1.427066   0.259813  -1.167253 
     4915.0000  -1.441153   0.267819  -1.173334 
     4920.0000  -1.447424   0.240173  -1.207251 
     4925.0000  -1.500472   0.303657  -1.196815 
     4930.0000  -1.430982   0.221070  -1.209911 
     4935.0000  -1.439590   0.232456  -1.207135 
     4940.0000  -1.452426   0.264345  -1.188081 
     4945.0000  -1.431150   0.237604  -1.193546 
     4950.0000  -1.434230   0.284332  -1.149898 
     4955.0000  -1.436887   0.330375  -1.106513 
     4960.0000  -1.335503   0.215540  -1.119963 
     4965.0000  -1.297058   0.245357  -1.051701 
     4970.0000  -1.378741   0.321541  -1.057200 
     4975.0000  -1.386242   0.367499  -1.018743 
     4980.0000  -1.324957   0.304390  -1.020568 
     4985.0000  -1.336845   0.296013  -1.040832 
     4990.0000  -1.399552   0.326833  -1.072719 
     4995.0000  -1.406886   0.303869  -1.103017 
     5000.0000  -1.371979   0.294487  -1.077491 
