t = 100000
b = 20 20 20
E = -1.0278716005693 -1.33984411317641 0.311972512607103
-11.7575500167062 49.2766137967671 1.56728209812921 0.890817178675999 0.454357986760801 0.00189051377692649 -0.21835037948615 0.431740601818949 -0.875170363140382 0.0415615854866852 0.03527343758576 -0.222549474102158 -0.598448519241199 0.347383013197438 0.276239117933626
-11.8423719759764 49.6016189325252 1.13323464975928 0.999858231163124 0.00276338020111288 -0.0166096750466107 -0.01675022665101 0.263816310344848 -0.96442749043315 0.404943493224332 0.474299531770872 -0.464370888613148 0.0461906118137567 -0.457156833409362 -0.375663889583894
-11.7594042897765 50.0048464244002 0.795471325568307 0.863939603848934 -0.502561861553715 -0.0322480420028739 0.028998690822438 0.113575755336471 -0.993106048582085 -0.128890367401593 -0.147536761361942 0.111603322175534 -0.0414395344386596 -0.125308232039616 0.268981696386939
-11.4711025051293 50.2832083175686 0.433044707092492 0.271501610173367 -0.951698880404752 -0.143374044755665 0.284626246577086 0.221702760435428 -0.932649873089999 0.0876666730501333 0.076248358623537 0.0420894641655165 -0.0326843542593922 -0.396116351981187 0.150284622679796
-11.0367173017501 50.3946831746212 0.139850769943449 -0.399375323550296 -0.891564441729991 -0.21357012239956 0.205565002960303 0.139937855422542 -0.968586819122395 0.130512921418876 -0.232029142068476 -0.585832436836481 0.00656801045169722 0.148858500254688 -0.654513198939542
-10.8651153465076 50.3671875197001 -0.37153131817454 -0.751686666408407 -0.659497396179201 0.0055081736244428 -0.0976884958134056 0.103076666307425 -0.989864717347114 0.0105255633166688 0.113077010065334 0.152417689951894 -0.582864712401825 -0.421540644818128 0.176086026105858
-10.6726575870213 50.1373221525917 -0.796460056487505 -0.998950832620184 -0.0315613928275539 0.0331830150852241 -0.035790093189299 0.0859834655855246 -0.995653510452009 -0.0649640422877995 -0.25305236879841 0.164001308015423 0.562978950560557 -0.0511167147359337 0.54432279314967
-10.8204606271589 49.9279119636437 -1.27820830517192 -0.757161612743938 0.608638431709243 0.237203607968895 -0.210137855346485 0.116877041514882 -0.970660516821985 0.435032730981642 0.0271481309924932 0.160391812794325 0.486507566610137 -0.0523570892035782 -0.144177139610734
-11.8252095057502 50.5321938233803 -0.964547540048102 0.741428130865024 -0.564336417319767 -0.363054727071191 0.111171419106168 -0.430259321815194 0.895833595912231 0.137889239757903 -0.389955907230483 0.0595607114996428 -0.0904083167016094 -0.67720671560184 0.55518911625041
-11.9615394223287 50.0874047785172 -0.752119202728834 0.99655853301829 0.0739923656959207 -0.0373660285163934 0.0646558575832585 -0.411772055595767 0.908990315850839 -0.000718798360211289 0.341355278962557 0.211120874242692 0.366230363470428 -0.164746359318323 -0.141283487606748
-11.7834172325948 49.6059160387477 -0.445117338266591 0.755755388203746 0.641187176628394 0.133089435073999 0.159324253032707 -0.377164246805303 0.912339253418035 -0.0158775021072719 0.305684002050545 -0.157327966499506 0.1219081546602 0.622294099687404 -0.091180670462599
-11.4870783970113 49.2783427899107 -0.0892798311011379 0.314633433523767 0.947192984434625 0.0618971142043955 0.259033315114792 -0.148412230599349 0.954398004749143 0.215002650222548 0.3702574860533 0.17144563048367 -0.63951142788245 -0.0329552146302462 -0.324898266820381
-11.0455335699206 49.236779732814 0.214212573491728 -0.435058953127151 0.873866415910007 0.216982014112948 0.156221184898169 -0.164069770556479 0.974000026580358 0.324423900690605 0.175346425884655 0.395478599429026 -0.590719202714586 -0.0926936904060093 0.540130340510334
-10.7451024459339 49.4116893254667 0.63936123169989 -0.856919844355866 0.496310660953346 0.139154978973519 0.179804984870867 0.0348111177815379 0.983086137372675 -0.335002302189747 -0.304728236069714 -0.580797608805461 -0.400340127788981 0.30461579901581 0.175962802431859
-10.6647022681509 49.6258828418418 1.17272388164052 -0.980511477632672 -0.160041069470707 -0.113947787662734 -0.101667134997104 -0.0829583445294879 0.991353472145216 0.11415487643808 0.210315594495925 -0.301304013847312 -0.123459529551818 0.182431599737453 0.144998755297086
-10.8126924418949 49.8797877307383 1.43124172081087 -0.593286805157625 -0.778661542847072 0.204198355813302 0.10809081476125 0.174309747326295 0.978740255507698 0.193411560753506 0.450519236802183 -0.278415208407806 0.690239177708813 -0.174781999052105 -0.293801872448658
t = 200000
b = 20 20 20
E = -1.11431188750614 -1.39493551928043 0.280623631774295
-24.2362937934968 81.6910890926648 14.7557908534414 -0.564621709856972 -0.536233809529756 0.627419816610352 -0.137935125989224 0.810802344131382 0.568835178034385 0.396064327396549 0.616151585130183 -0.177769465027169 -0.418356533199593 0.1256896006387 -0.325776616451008
-24.6353547827999 82.021519287042 14.9534801570649 0.113487283321536 -0.625124240201601 0.772230743260474 -0.216519802620907 0.743009769590881 0.633289552547207 -0.355527633625627 0.418312865071648 -0.0295034555188643 0.194071755944508 -0.092623236066792 0.143499648406825
-24.9795683383565 82.2453524516414 15.3554958283838 0.67904184078606 -0.468068052125799 0.565521420497127 -0.285370746646895 0.541463125927473 0.790810483124146 0.116582626306294 0.31432150511025 0.206570716217 -0.0319613913708856 0.198481646167282 -0.128615561617224
-25.1593751489528 82.2944299385057 15.884368984693 0.980031092067631 -0.130729056283446 0.149829811533236 -0.0655822559568643 0.498834365899789 0.864212498810897 -0.563473714612192 0.0856724496906636 0.365686891851915 -0.144548689848119 -0.702449602335622 -0.271415416246934
-25.1793092224006 82.3049181246659 16.4226014807655 0.973677007902969 0.198998231054981 -0.111143098382756 -0.0697276471694555 0.724288650750197 0.685962102170875 -0.214420573873605 0.0843650154677707 0.0157404062397669 0.222138755612138 0.17629261683041 -0.289141689523045
-25.0318102821167 82.3500549363279 16.8923514709183 0.64120461798181 0.59695277168003 -0.482186713071131 0.106757018905479 0.552857976268156 0.82640849281157 -0.144585828290459 0.0949635010452118 -0.493321321241111 -0.110607284942576 -0.0268392909382216 0.0426066561449644
-24.7392563892941 82.4245776540803 17.2793079602795 0.0946154713514966 0.80592478563185 -0.584408378178435 0.0841390494684835 0.578467631409673 0.811354312101559 0.113009085433708 0.393081579291779 0.542553011049071 0.391466263676572 0.0283436822000463 -0.124888820028093
-24.3981873957621 82.7885000328164 17.5461897333771 -0.702527900991481 0.510608632806036 -0.495715011304308 -0.0144306326264617 0.686200997474957 0.727268827811545 -0.210368158908794 -0.0367363845415686 -0.133140624977372 0.418851492851979 -0.49914292911139 -0.285682243257702
-25.0906494268171 83.5091660055866 16.8841007335791 0.569162103235247 -0.650626510699861 0.502732179013167 0.0922662037032438 -0.557027648384651 -0.825352740704986 0.261757758883734 0.713505109367287 -0.472452297098359 -0.42509176888945 0.0319955257115884 -0.120922644255612
-24.7407862880227 83.3376143989197 16.5393430510645 -0.0479750572474066 -0.747632069504957 0.662378051062906 0.183686340964857 -0.658435567922871 -0.729878024766533 0.632616077017548 0.502514285720141 0.080612033465037 -0.0645167497325223 0.194651087236469 0.0161105288969108
-24.340794349232 83.0620001140883 16.33066989347 -0.678458372271276 -0.599030156288482 0.425272981685834 0.292709989897477 -0.751377285419877 -0.591399219452677 0.701223742763311 0.047947070986547 -0.282521930395933 0.0062030824392818 -0.0453844822005275 -0.295684170050763
-24.0312753533605 82.5619199944216 16.2795476250383 -0.966631110437212 -0.254964549152237 0.0248470322273016 0.198287068728156 -0.806091413266162 -0.557583062721421 -0.100123296764531 -0.0639368711349383 0.271430166160172 0.197847115295986 0.3882584943883 -0.0514098461168959
-23.9894565887726 82.1187915318418 16.1240397577119 -0.966689606326382 0.142812506875123 -0.212404785493616 0.0473764727188765 -0.715683953217953 -0.696815577422761 0.0497395452032554 0.2995992704178 -0.0263155838500493 0.2902999974505 -0.13268851975485 0.523619688884539
-24.170044071614 81.6335999272149 15.9772250138513 -0.60845071250137 0.581247507791702 -0.540313857996 -0.1186895940442 -0.739839205482165 -0.662231628886114 -0.340842030663099 -0.0758561546475768 0.112481157858019 -0.0624628743197356 0.452244702080724 0.128557970471129
-24.5023918615898 81.2653612708847 15.8548779063112 0.0304157947989267 0.658789525226005 -0.751712206152917 -0.0808017555062532 -0.747978213882277 -0.658786511598872 -0.0251876738580674 0.0689680993258294 0.173168850877908 0.0330985698030968 0.24219452960749 0.743905429831261
-24.8302541193195 80.9525836065226 15.544897481288 0.570468001472515 0.527709529749324 -0.629355949767463 0.196592132717208 -0.831732729682171 -0.519203428079153 0.485451645959462 0.212062313907685 0.506416001676333 0.322409414046949 0.136891608252634 0.0420713118048133
t = 300000
b = 20 20 20
E = -1.03717985563605 -1.37353240624334 0.336352550607289
-26.7535215068884 84.5458724814824 16.7192901033622 -0.807392402225947 -0.523630393967967 0.271898362151558 -0.589839873711349 0.705115651883702 -0.393574441305308 0.431731773584657 0.33189467490193 -0.0135591294700379 0.0633398829215715 -0.198215231855435 -0.249018831862392
-27.1273471677619 84.6490868219696 16.2388233669208 -0.630745636504426 -0.278043805115968 0.72446641362266 -0.740597707548309 0.494429488166098 -0.455032434894521 0.353191901105374 -0.331650181851885 0.329317104616656 -0.463967341161684 -0.491877925709179 -0.431939773172444
-27.6261267061729 84.6907380094815 15.9303248321745 -0.25009382857447 0.208168159749487 0.945578708609466 -0.835930002205533 0.446353945340116 -0.31935745942747 -0.406494397660166 -0.0965485448320699 0.252343588879414 0.24551478981135 0.188569255950994 -0.00585946471851297
-28.1338897861894 84.7111819929165 15.9127692314991 0.174310271026602 0.715884437178961 0.676110495421864 -0.799154558022306 0.504002036278894 -0.327618588939816 -0.570711000603809 -0.189447757393424 0.572205456747105 0.00419846711801094 -0.203946810627224 0.25004345197365
-28.6017525353084 84.9239706324777 15.9577893338816 0.463917313541719 0.768697230564606 0.440324078286156 -0.727397057981153 0.614241657661835 -0.305942324684258 0.0610381587612461 -0.0105110912370565 -0.154079287429918 -0.086547327171023 -0.34722101478208 -0.273193132489196
-29.0119573573375 85.2131664348465 16.103716797366 0.73603665233855 0.663797158218559 -0.132753075878543 -0.667264708168322 0.678386832082351 -0.307488398627143 0.032596992708822 -0.101243819227742 0.0879983971919017 0.018914404106065 0.223670309821088 -0.131710635891084
-29.2697620264857 85.6877716921133 16.1811493924777 0.755336742847731 0.259263018133788 -0.601871325394665 -0.550325267382782 0.749602459577096 -0.36774753932016 -0.0500289841440425 -0.199931987498726 -0.201164252016068 -0.061366099036912 -0.199945119211005 0.308711849824947
-29.2626437345577 86.1648494236473 16.3150613979251 0.344576025256544 -0.117462907624614 -0.931380603271684 -0.481093165337777 0.829855969664326 -0.282645424300041 0.852856119673485 -0.727645990608668 0.11095505983769 0.210480691457737 0.550358026532632 -0.0507798324851121
-28.7213417799346 86.1313694494409 15.2346520222335 -0.407481466579551 0.158924142656025 0.899278583796627 0.585751734230112 -0.709999882501223 0.390890103091215 -0.00771537693718927 0.15951523645836 -0.016515141516965 0.0811048915425861 0.579188446626706 0.522647561102421
-28.3012128888421 86.0132495247501 15.5190373959763 -0.778003859442773 -0.231780084348768 0.583941766952334 0.535124216203843 -0.731453699134621 0.42263170639991 -0.101515252032724 0.193860251040817 0.235889278256474 -0.123199963873574 0.271080010421096 -0.646766780208814
-28.0208223351709 85.9185306390233 15.9258902225565 -0.761600024569633 -0.643931822641073 0.0729192043682332 0.552862642721452 -0.586906530483313 0.591509613412243 -0.167960407308346 0.0403603553696946 0.022550353086885 -0.0587413394793214 -0.244982364600092 0.733843472491757
-28.0149459007266 85.8616242794069 16.4895223111911 -0.407083854178878 -0.828370325536891 -0.384818579900708 0.576624197787204 -0.559811099805009 0.595076522021681 -0.371637604630052 -0.0964171405061916 0.104818538252672 -0.594773210402081 -0.147359507424268 0.646580430364065
-27.8177924235706 85.4629338559797 16.7354180480692 -0.451708978545124 -0.592642877902513 -0.666883361595664 0.498114002144338 -0.78766448703231 0.36258391681903 0.506311375782403 -0.119603130847816 0.12249728829443 0.356316174094575 0.747114388067043 0.40998051720424
-27.934250881401 84.9847020008248 17.0461839382243 0.24902760148095 -0.337000103373168 -0.907973669236692 0.528048824482111 -0.738658615007616 0.418984354645938 -0.333768547720243 -0.0309109728136383 -0.207441485455876 -0.178509363454729 -0.193576482324263 -0.383254273829109
-27.8267904156987 84.4734413173768 17.2003824830486 0.504663417405199 0.108941024623689 -0.856415021053951 0.651991108041149 -0.698329538245877 0.295370023950599 0.510418386196552 0.202670817720652 -0.346820179511525 -0.140443842238856 -0.273523424968806 0.761452040227212
-27.7138503200261 83.9744363827274 17.130414874391 0.782597444016045 0.507106802273449 -0.36108715250965 0.617123359527983 -0.708229486576247 0.342884460815656 -0.362097043514532 -0.0941420467663511 0.363973452855941 -0.0582252348726101 -0.355071233163267 0.49461714563037
t = 400000
b = 20 20 20
E = -1.05206893129675 -1.33891969525974 0.286850763962985
-30.6172215743545 73.3362930687735 -1.74083496285167 -0.750850012667211 0.0492697937136734 0.658632481665666 0.660384243878628 0.0396790807351576 0.749878804200314 0.403029451490142 -0.33206620344201 0.00520300449710944 0.21275677304799 0.272833031982074 -0.342386491835234
-30.4332042092147 73.7065028347713 -1.47198886069666 -0.511546956427419 -0.590475356916663 0.6242263725957 0.624371093383278 0.243661122514792 0.742152272193646 -0.0351461686063246 -0.117553916528766 -0.474323591064771 -0.367635317349632 -0.333686447903641 -0.222268771546742
-30.2895685734869 73.9634338552617 -1.01139153004148 -0.369511115642435 -0.849655751557468 0.376226845482893 0.592763017699351 0.0962733828474503 0.799602051400011 0.301731448168935 0.518906356253667 -0.0817045572643622 0.387874150426445 -0.149869291649733 -0.614821699829577
-30.179098568953 74.0544314823057 -0.402463634806885 0.0545317455428343 -0.992050194616867 -0.113413844343255 0.663282733239903 -0.0489127958535086 0.746768742106641 0.4320714883333 0.0386712111510111 -0.334987354265784 0.145450376453005 -0.267495541497567 0.182813141096082
-29.9828738058577 73.8534517097276 0.117063643344615 0.333979364947947 -0.668931765926281 -0.664069330961558 0.795943934402688 -0.177241808589739 0.578842460929949 -0.282685846242439 -0.18905524484429 0.0580983833787846 -0.560859295681204 -0.0172859452051763 0.180358658155315
-29.766325130973 73.4327270827493 0.415399938871287 0.594014456379074 -0.0644553372145117 -0.801868028491729 0.736881729560852 -0.356287713367464 0.574512299209357 -0.497597580569887 0.0918507562479207 -0.325619186180908 0.462734841473467 0.213846357220773 -0.161874757160918
-29.5175347983757 72.9858020839767 0.523338992483722 0.575496608285328 0.401806499593129 -0.712288699009654 0.796399931309247 -0.473318702326351 0.376452593879707 0.461719315265652 -0.589490087990592 -0.221774701582573 0.0965618711591314 -0.26353595945368 0.455993562297637
-29.1491053230832 72.6257043051891 0.381657391328486 0.522537750403889 0.831754043653587 -0.187455355401724 0.718108104244337 -0.310807694422936 0.622671123231281 0.501442973424416 0.783977628077369 0.0680840717688573 -0.124414415004435 -0.0691505774181051 0.132743825830605
-28.4367627580371 73.5578905544012 0.0822795176452134 -0.568307540242941 -0.779041640380449 0.264803063155199 -0.710409314714241 0.30219146466744 -0.635609097047361 0.172798876460493 0.263120122432311 0.506456226067422 -0.351702840265984 -0.18153113558968 -0.0154057559914884
-28.7803444289697 73.4270547739713 -0.300926685045383 -0.547632348808575 -0.440856493549358 0.711157059047985 -0.832615859204015 0.203055622916132 -0.515285595572125 0.157791783068968 0.219810585965982 -0.0613367881407457 0.253978329605475 -0.109644039040436 0.515249731287868
-29.1221992980589 73.2064852913511 -0.532466165215875 -0.554718092625624 0.324698461354472 0.766067064236454 -0.818589946135289 -0.0481072860982064 -0.572360191759049 0.435117868443734 -0.360475540160398 -0.236080175682662 -0.151609587593553 0.106258835117819 -0.692819412924775
-29.5825386593364 72.9750622943674 -0.697539154478741 -0.269876810370296 0.724795639629358 0.633906766014213 -0.928163649462433 -0.0205973538529049 -0.371601922533858 0.241043622131894 0.104317001004289 0.0769489731010722 0.08293341549052 -0.118514484431732 0.0186295287130464
-30.1223257305583 72.8640865749034 -0.524675299682314 -0.131830843527023 0.975561877516527 0.175782967978829 -0.693545113402836 0.0359261362961779 -0.719516843726302 0.250901994074446 -0.0855736727771214 0.0219958454967499 0.132288063332713 -0.270251719273302 -0.23635021788048
-30.6554072252434 72.8629279904876 -0.610495746066961 0.369933190246581 0.878535816699805 -0.302199029663501 -0.775866403697946 0.113207355017449 -0.620657247103996 0.0613114109600316 0.0135119227658837 -0.16023041788875 0.11755229278803 -0.261822576588447 0.857689421235499
-31.0965427542748 73.0697842520249 -0.746981980363987 0.618229714215066 0.474134401388159 -0.62688802020921 -0.764500550796893 0.177477203045771 -0.619710214721634 -0.193157807930915 0.520251894992869 -0.0884877762658489 0.449799772865166 0.087719680157698 0.159944950834375
-31.5136938059161 73.3805765639169 -0.921342144564254 0.701014887023968 -0.108204503437572 -0.704890001068647 -0.702447025457386 0.0658076846825147 -0.708687184209523 -0.328835321185566 0.0726796541910501 -0.26566945561975 -0.0518420256330144 0.264702868620796 -0.282242229919271
t = 500000
b = 20 20 20
E = -1.04825616900997 -1.32191638707038 0.273660218060405
-40.6447308819432 72.5475924774165 -19.200663699746 -0.900674631240935 0.281658636064273 -0.330837756867915 0.331306376689928 0.937825706998288 -0.103532739062452 -0.327457584566268 -0.342212534040196 -0.593268742583674 0.305233493996263 0.12562724901004 -0.342221323458618
-39.6501483302093 72.0884384495921 -18.6916132894222 0.769962320819294 0.620136990864354 0.150293503120643 -0.0959365347369635 -0.120352755465053 0.988084710717983 -0.10467058478583 0.252558298360477 0.0993945016266161 -0.124381267680776 -0.0139645072580848 -0.233699501657627
-39.5741529868673 71.9615056996411 -18.1661145047265 0.547404192478084 0.831985146365171 -0.0902738405362503 -0.0264671453296379 0.12502846697706 0.991800066880148 0.0961217493566698 0.182462184286982 -0.016507428708665 0.0889334632106702 0.0412968480680814 -0.255988926327739
-39.1923090735002 71.9094720607745 -17.8093663231415 -0.132473404818121 0.991007319427637 -0.0188491341118926 -0.0733115347444329 0.00916823682245828 0.99726694636243 -0.252240281557316 0.492645319711746 -0.156469655083985 -0.301718334897759 -0.115134374501744 0.0659057813527272
-38.941672664228 72.0822443657362 -17.2895936041001 -0.772787230144103 0.607724697351669 -0.182949690229364 -0.208615710091338 0.0290099867969032 0.977567340989424 -0.322437689647646 -0.0142096339774017 0.0288673661308421 -0.1996931349657 -0.00801751318055992 -0.391458901277705
-38.9476130774766 72.3772939870055 -16.8400871019514 -0.928027250231353 0.12943605156596 -0.349301776953832 -0.339886120358392 0.0895467105054028 0.936193789674651 -0.187165354512569 0.348380753796429 0.309127951876755 -0.416380408625485 0.0420222682165409 0.157099178400082
-39.1739733945482 72.680008316814 -16.4060949803966 -0.760265272897421 -0.521966180273967 -0.386714392641856 -0.460064968145588 0.0123506701021045 0.887799350097321 -0.349466952904593 -0.0568969985885791 0.22885089671846 -0.0889621445422611 0.081812445211624 -0.460564578979201
-39.5354051359686 72.9211056099297 -16.0871458522867 -0.220466490053191 -0.933025450267849 -0.284355474566793 -0.532821995715044 -0.128987051261411 0.83633908284206 -0.298967115510929 0.231219139405509 0.285293817081015 0.186543520869131 0.141756991289088 0.0100788538243576
-39.8296399278219 71.8224061564204 -16.4711946956376 0.168759604333844 0.922847299471601 0.346226887752943 0.142624063532135 0.32470484129077 -0.935000076226695 -0.295157266790396 -0.917111568006008 -0.068611684761677 0.512010336835965 0.430661593358652 0.194282239005568
-40.0814373897787 72.0666182707782 -16.8399538683291 0.807722066709136 0.494919767799158 0.320373978957182 0.163702529767261 0.33376620924961 -0.928332698611356 0.215940584693935 -0.0302413758848973 -0.322192435294937 -0.141465519126217 0.361440067505918 0.161226187597481
-40.0771916306612 72.4765753973143 -17.2250586700896 0.935803665087814 -0.123778764798304 0.330076230275906 0.350369905687383 0.429872646245528 -0.832136068920491 0.276033824456705 0.228740808061492 -0.474030966640887 -0.205927904153067 -0.228708217475968 0.331654643723452
-39.8185644491405 72.9081082547342 -17.3945679201309 0.636838716380888 -0.767437916027432 -0.0739965834468221 0.371917278760392 0.389853574219555 -0.842432031933567 -0.0877238263186943 0.158961222711446 -0.265985068939143 0.080359780382564 0.0573010650188913 0.178464653874133
-39.4205894635194 73.0318188071185 -17.7633397262735 0.150079057579709 -0.98625618516499 -0.0691014739332854 0.306935999664033 0.112918024396724 -0.945007836939234 -0.199014718917765 0.0626490419259658 0.0798814826623363 -0.0614444677728679 0.490073667319687 -0.210312379492677
-38.9869698434535 73.0242320006398 -18.1007072161815 -0.493033292166104 -0.849949515904658 -0.185752505310727 0.290291266432779 0.0405562032713437 -0.956078540188523 -0.543708983143637 -0.197701528359822 -0.139616553582707 0.41508940904272 -0.249893206703646 -0.166727081541453
-38.7295350520277 72.8174999993584 -18.5356778004001 -0.798626109172121 -0.589920440447642 -0.119122674964311 0.235784105788088 -0.124583743294957 -0.963786670567877 0.368603116536399 0.361740089600252 -0.455557212844695 0.346668607557527 -0.522299258129886 0.816364968481683
-38.4494710784037 72.4884416157128 -18.8250814603033 -0.932456485990305 0.210169974134725 -0.293859632659554 0.266103737734068 -0.150616236646379 -0.952104799915662 -0.624737223607299 -0.40852836430127 -0.292431688697429 -0.00516990544533681 -0.472944548216535 -0.0660063540153321
t = 600000
b = 20 20 20
E = -1.06892686739438 -1.3485274916729 0.279600624278523
-65.2135060850884 66.1165868702148 -10.5993671569696 -0.208705271365394 -0.061594549261359 -0.976036997867185 -0.813061943256353 -0.543688183805344 0.208166844667139 0.202854506072608 0.31928558080457 0.545381117356622 -0.216715526176617 -0.0458662904883778 -0.125425303992485
-65.7402318869031 66.1126513719973 -10.5925207361273 0.282019381885863 -0.670154645804154 -0.686555037085708 -0.777626309894259 -0.578797420517602 0.245541988593266 0.0119570867080033 -0.0254764381181492 0.0177999597532285 -0.0336459655684831 -0.136196299403519 -0.554948496830536
-66.225743374678 65.8453960988996 -10.6670458242363 0.661499405639751 -0.687483633106918 -0.29964110290217 -0.715275008602693 -0.698450366394419 0.0234253655657652 -0.234218256046554 -0.233018726952312 0.0582818670998384 0.0741435710651321 -0.770621332449263 0.328415703613517
-66.5435951195763 65.5181417839706 -10.9809916010771 0.678494613824884 -0.659947852485088 0.322666842131306 -0.66820285043851 -0.736931403770685 -0.102161914637957 -0.0342408600063848 0.180453794701285 -0.543532524896542 0.121107538346027 -0.372916765292741 0.281828482523718
-66.765810973921 65.007729406194 -11.066261913364 0.589430003666333 -0.23075864494173 0.774159362510416 -0.609494297928218 -0.755998213182759 0.238711965467608 0.0983239538045182 -0.106668803507576 -0.355264701884925 -0.0095363304497976 -0.189439181615619 0.620205948637677
-66.7972278837833 64.4250331804209 -11.0149379840403 0.384476549127854 0.21644987313255 0.897400264983042 -0.486204496659228 -0.778880446503118 0.396169707932637 -0.705339127236846 -0.301346054293323 0.188931537178134 0.321190065072988 -0.242488474478807 -0.506952190360767
-66.7745068304668 64.0022481522177 -10.7852523488449 -0.187564640881987 0.577627425471251 0.794459604280934 -0.518322006134742 -0.745242064418891 0.419471767079862 -0.0989479251933504 0.0426632724541337 0.134362695384549 -0.0293341717881417 0.122157328168686 -0.330538758035913
-66.7719548764372 63.6925753739658 -10.4477523014026 -0.803238011287973 0.560377077311828 0.201956006213345 -0.538110779902826 -0.828047292712624 0.157399077454912 -0.127101161240029 -0.210062770336763 -0.103701007328325 -0.110858210014847 0.203280702262431 0.661995671613935
-66.0976570516731 65.5858141847166 -9.37261552495323 0.979182829448045 0.145085783753534 0.141954576772966 0.175863260420596 -0.955610481544696 -0.236391034508833 0.504985120667969 0.12581682450803 -0.0188784728593339 0.403818743305732 -0.199090429748794 0.192872491808747
-66.9226871691451 64.684819035455 -9.8214470060365 0.119131999510539 -0.636391278154113 -0.762111348676846 0.688453869661839 0.606032564719012 -0.398441714492453 -0.0389223298981014 -0.0342512377301855 0.234750213320063 0.380523139634578 -0.323275980017783 0.298782183786251
-66.3709853604124 64.7244724759099 -9.92828292721274 -0.349546925620225 -0.208497928612883 -0.913425180599711 0.715255535102847 0.570331450060588 -0.403895477291593 -0.199369600071373 0.320101817803248 0.498529097723786 -0.148757689068936 0.26163626957493 0.127692721659786
-65.9028925496593 64.7299519041214 -10.2413820225423 -0.729103536763788 0.140343703259284 -0.669859446178096 0.619282431115897 0.551967535493457 -0.558409446797313 0.212993597116683 -0.44325250670437 0.118723040646309 -0.237292699743987 -0.00618279415450107 -0.00285121248294368
-65.6306465164236 64.8079340963015 -10.6929599069987 -0.779393308789366 0.579529507559767 -0.238100021171562 0.621667765887671 0.668042157859946 -0.408960712267161 0.170985643063411 0.237766538218557 -0.514867919145012 0.360559800155235 0.616185460355396 -0.653779873000472
-65.4885589973328 65.0333350430517 -11.138800971404 -0.578143173432354 0.678255942749514 0.453562947272514 0.56123783364619 0.734060717585157 -0.382317874264932 -0.425939358124428 0.446496039891355 0.105989806410976 0.0997532334084026 -0.0659526727198127 0.132389108756452
-65.5152750907537 65.4420872757202 -11.5348027671599 -0.118023895261116 0.551780999754467 0.825595596195488 0.550565809400564 0.728276860694975 -0.4080319885688 -0.491204441285905 0.147876385613193 -0.319512092028773 -0.357996634014127 -0.566303821749254 0.183946395403451
-65.4068609440313 65.9085822386652 -11.7564424398361 0.167912837517188 0.145941258213009 0.974939192025898 0.842105140339596 0.492925678213652 -0.218822321464906 -0.0596235476750668 0.0419453489404935 -0.0612293851170392 0.103533991188713 -0.0987402997374694 -0.309683692343961
t = 700000
b = 20 20 20
E = -1.13212486893762 -1.41611893656273 0.283994067625109
-71.3406399063988 57.0731109008901 -8.37366518182855 0.581897987820784 0.648990525015471 -0.490108182149898 0.778638815455475 -0.270622065120132 0.566114204852844 0.07885737717753 -0.432962592803118 -0.257587660091067 0.240813974683722 0.711349219029465 0.383926404024793
-70.8689950633597 56.8970202738939 -8.36909105003124 0.20247705401056 0.974424434466667 0.097468272343045 0.811503136310966 -0.222663960174474 0.540262362743199 0.132297902672658 -0.24485431205244 0.27947689293434 0.00673722450057475 0.0726073625216876 0.0412794430098893
-70.3140118951311 56.9262398375928 -8.30040785252845 -0.277179344174619 0.808492268324668 0.519145319946283 0.756370906463609 -0.149594014980252 0.636808199175795 -0.151883547448892 0.3315888110441 -0.952814618159206 0.235444819300537 0.173780467289472 0.633253705831813
-69.7937621394391 57.1414981208161 -8.36502970617231 -0.414024320471971 0.490615907494859 0.766733260900219 0.866870944850723 -0.0444600129551751 0.496546143094073 0.311327288513868 0.51827078769041 0.0121971451069534 -0.392727148901445 -0.20865802110177 0.225371258130079
-69.358817069356 57.4932871877897 -8.13877680282467 -0.483000978322789 -0.246998528304925 0.84006058231207 0.834836125901228 0.159485755136825 0.526889871603866 -0.308213399610735 0.038827694020114 -0.0473143851441699 0.739550960410849 0.172581695066555 0.0684803784615982
-69.1296916909414 57.8119822650696 -7.77547697551728 -0.270497811897438 -0.793986284488215 0.544441653258941 0.784752777110728 0.145738896772344 0.602431118705377 0.0902898763137705 0.26345878489521 0.360212711507325 -0.166552049169581 0.0191844431858773 0.243668746675948
-68.9115547819561 57.9695834869759 -7.28154247560095 -0.121313552752858 -0.983127076200851 0.136909364030586 0.749729338752611 -0.00035937409341567 0.661744504672182 0.0847738649212569 -0.302481730988126 -0.0269199839505418 -0.0219789421872931 0.0703835852046827 -0.0247105459520021
-68.7466175204706 57.8523942265317 -6.79569852502042 0.23297321967783 -0.832475415524262 -0.502700866779281 0.850211162955561 -0.0765804086386391 0.52084202921662 -0.011626661037172 0.44850575068334 -0.304121147997926 -0.131963070004407 0.371740249402337 0.00351830592450579
-68.5479991357702 56.7751495937422 -7.29461128998141 -0.0652917175856902 0.912659721066478 0.403471467588037 -0.934586767877688 0.0857651988507176 -0.345241805078828 -0.0291292737203558 0.309151336904784 0.240432083846806 0.0477309414743709 -0.142649837078409 0.300832424444433
-69.0905398076923 56.8013392755113 -7.16106947240734 0.154438896204386 0.987709706333484 0.0240450276314597 -0.945767247377695 0.15483276649061 -0.285571581584143 0.101357923474216 -0.362624373727985 0.107216338455766 -0.363256373628341 -0.0477751897424468 0.50874160851644
-69.568286883077 56.9606931942659 -7.12913803190851 0.416102806862463 0.701237018107072 -0.578899903746315 -0.891771895435791 0.190235087285107 -0.410552673936676 -0.511687593785859 -0.28909441166467 -0.271973079986848 -0.481817338352392 0.231254618260737 0.462180267206323
-69.9967096343803 57.286833734621 -7.17518667514969 0.565165877751333 0.205646333071715 -0.798934988794277 -0.823980174007407 0.188311338960882 -0.534411370071284 0.104911490852623 -0.210174878935246 -0.17203046877105 0.016532975090331 0.15358082464248 -0.429376380828552
-70.3165497961758 57.6329856445705 -7.3930926829828 0.453980841883209 -0.380596954301271 -0.805634751968689 -0.730880712529922 0.358086102285631 -0.581023000750918 -0.173767512353627 0.26081016338055 -0.158384435280285 -0.262536309929591 -0.0693934601097717 0.136034274339062
-70.5542601598056 57.9441522703713 -7.74520013844849 0.180797747230125 -0.84432498147763 -0.504408069175458 -0.581817106561468 0.321679777707295 -0.747001322038027 -0.0198046543708277 0.280505111977805 -0.065449854572191 -0.0235511469878811 0.133945975936068 -0.144932931595122
-70.758756849963 58.0573279136858 -8.21707313724837 -0.0688744320150686 -0.988815251211551 -0.132290255068077 -0.515238315165016 0.148807993422115 -0.844029418728705 -0.00785092880803754 0.56426340237547 -0.150999770801782 -0.352221578405634 0.0223352960229975 0.398661993930696
-70.7641993657147 57.9695375925445 -8.78280322784943 -0.435163733887538 -0.87782029445308 0.200160074328985 -0.570378117507823 0.0967679517169277 -0.81566216449503 0.664329022643673 0.219147555283656 -0.210114203106271 -0.28957581272363 0.739442646527901 -0.360067106719145
t = 800000
b = 20 20 20
E = -1.07428194919962 -1.44395800359494 0.369676054395316
-63.9308962189035 63.7282372323318 -17.98080299876 0.786699381800833 0.366632974769774 0.496673277402478 0.606527389254324 -0.309142413507027 -0.732499484133193 0.667772041449696 0.558705807939975 0.403162572043117 0.161086899162108 -0.148199659046209 0.23827053017877
-63.5943590207568 63.9164600653155 -18.3718024327043 0.658388565047344 -0.27924648976898 0.698960582126501 0.673636218810953 -0.195644314242084 -0.71269737407322 0.103203752492388 0.00215361542833963 -0.604740267004119 0.589235183910192 0.11041785383892 -0.165734258637851
-63.1476260016999 64.0710802951451 -18.6559381346917 0.31761824749512 -0.610776450312269 0.725307366984627 0.785031479364494 -0.259642878088447 -0.56241546232721 -0.267315346838101 0.104455813583562 -0.0166120500432888 0.803495192694226 0.195488921307164 0.0379596166878603
-62.6384482848349 64.1697488862417 -18.7148715540562 -0.193394458152058 -0.943705507446589 0.268362625510889 0.652444848938983 -0.327984301732648 -0.683185199568914 -0.144210104649646 -0.125436799269249 0.241669083180496 -0.178583577886006 0.575317707875556 -0.423900400548749
-62.0546838289437 63.9972640172059 -18.7243586870739 -0.530662935380596 -0.844004746348972 -0.0777999817073786 0.76641457554452 -0.438620882127715 -0.469276485831593 0.220183094966859 0.22667895070182 -0.398595055242942 0.291831035569718 0.369593824574614 -0.759296088227671
-61.6378935486064 63.5913954962722 -18.6834595551714 -0.700788123512923 -0.407764162163859 -0.585341262852718 0.713332900564041 -0.392243491879026 -0.580776390748956 -0.316501847329168 -0.284945478694561 -0.178140931830583 0.105220576814706 -0.0228913492790338 0.319453171162656
-61.3954357511481 63.1163533639274 -18.7463567186621 -0.592723601437095 0.263832400885171 -0.760967276919716 0.663620108214372 -0.375404923643289 -0.64705447628301 -0.0304360193556392 0.403609172435355 -0.113931978297596 0.224280967719604 -0.196931126885281 0.387450190440559
-61.2975423976778 62.7046435216431 -19.0873125845946 -0.25601489371798 0.785540628367819 -0.563366927834854 0.720037115778997 -0.233884959824576 -0.653333282076255 0.521203882490278 0.215982316484764 0.189554582406756 -0.194813369269588 -0.0410849474667527 -0.29782382780754
-61.7459516623148 63.5416745599312 -19.8819670600997 0.381126769858553 -0.614606641679104 0.690652634325805 -0.751855327724389 0.228679320429622 0.618400626277441 -0.559245531170971 0.08436296894253 -0.50716802436457 0.401641837847723 -0.144690299816061 -0.498947633980154
-62.1328436592656 63.3548003229242 -19.6280449997873 0.668247375397352 -0.187460248618971 0.719933400018567 -0.730822072790428 0.0155060354808272 0.682391867467621 -0.431523087385149 0.412871469174854 0.281470132149581 0.0400777570392503 -0.484107293458457 0.358088248821606
-62.4770403785595 63.0854634583809 -19.3313372223127 0.718018993113506 0.4628609273403 0.519815820719152 -0.631177143373507 0.118217895153665 0.766576769115957 0.0297371528863316 -0.945572825673238 0.265170591336719 -0.517445049708297 0.00856236602738635 0.435598674602371
-62.7014644839915 63.0266687940338 -18.8560077295121 0.584579709928664 0.805092079362425 0.100465449223049 -0.576017959100437 0.324631236859446 0.750211883969364 0.451511373202402 -0.140523493316179 -0.356480741474181 -0.135495282930153 0.225341894605062 -0.868497931930342
-62.6192941015771 63.0752768418078 -18.2982614227307 0.000408184453644508 0.955882999214591 -0.293747383304109 -0.46006092860809 0.260994105940172 0.848661309730049 -0.380647991217578 -0.216267872859058 -0.0251829410503209 0.315567145655399 -0.351768662187094 0.26198818144778
-62.6121882644568 63.3230085151614 -17.857089862174 -0.494238204096677 0.652786543782525 -0.574106545745433 -0.535624383010775 0.291493501760066 0.792551612676448 0.186012624709191 0.0189089520775397 0.629221160758219 0.145965809097484 0.116001113573934 0.213337569084835
-62.791848167669 63.6306681470377 -17.4727879311536 -0.606459450906399 0.266031580397339 -0.74928908482483 -0.590319138910408 0.480662715625953 0.648449433682561 -0.379436467363154 0.146095113315941 0.183722928653555 -0.313551729539274 -0.288922845031417 0.042803785152794
-63.0190467083399 64.1118000179246 -17.3282165429799 -0.752994294014869 -0.320466378832287 -0.57471809891381 -0.656975804299978 0.316781200030618 0.684128981897091 0.0607705341989566 -0.458665393361201 0.0489660423506325 -0.328011728154132 0.0111857773540907 0.495648322263883
t = 900000
b = 20 20 20
E = -1.14949270418815 -1.45367434428742 0.304181640099267
-65.7162946047244 87.2272505710189 -30.7898175035702 -0.498934906045512 0.587674351929097 0.636948047814069 0.852323371983886 0.199705329480289 0.483386647464789 0.047524123304812 0.0497338127151411 -0.146238788246193 0.532848215916228 0.00477430431875421 0.177881169150904
-65.4337867783278 87.6408555190099 -30.7033153107567 -0.439412993650595 -0.23654278055635 0.866581637226252 0.833354704042214 0.25276350134803 0.491559304292986 0.102067401640784 0.0565944931447874 0.43985509685426 -0.223042168516389 0.463439671280159 0.049698468557293
-65.1719104560773 88.0035073886069 -30.4058889431583 -0.201089376971342 -0.721054681177161 0.66305596236043 0.808290265682528 0.260246564505289 0.528146354778723 -0.329221995480997 0.0322288356438298 0.601208041766529 -0.202553076331045 0.189770733178817 -0.195166632845087
-64.8835476599111 88.2114108205242 -29.9451138599735 -0.0842453220926122 -0.977383939055403 0.193967423507378 0.788906726478768 0.0534911175742882 0.612180428678704 0.96700250648274 0.281543239591198 -0.222166488754039 0.250237202338135 -0.163798324667311 0.260461408725291
-64.6738537249321 88.1490616353232 -29.4422452613383 0.103152253392315 -0.931693197927174 -0.348292115265691 0.794247344881815 -0.133638224511778 0.592715766702322 -0.484002195641386 -0.353568501699503 -0.0454055734916672 0.0178718142526649 -0.487128426415827 -0.358564888078105
-64.3741113068041 87.8956242995303 -29.057999023685 0.211738617998466 -0.60743320411643 -0.765631543358121 0.813623965578125 -0.32446236213021 0.482431568409263 0.312409200900788 -0.150088571794508 0.0605430394122177 0.476610658420197 -0.249734271212228 -0.110397331305745
-64.1931796040906 87.5385864592783 -28.7776359747957 0.528721952074291 0.0305646846138975 -0.848244597654021 0.846749023004105 -0.0883403919183818 0.524606583257711 -0.335524074147992 -0.459468347730915 0.692752568994435 -0.316792250552895 -0.511223036295772 -0.395406057660622
-63.7065393890784 87.2438272302223 -28.6710132096177 0.23035252029203 0.629574318723386 -0.742006666815831 0.901136351498268 0.149781909997305 0.406839840042758 -0.427213191284077 0.0094422877368108 0.197473605020283 -0.0386441595991593 -0.307108320636358 -0.479861858728831
-63.3751536550961 87.997789888271 -29.5286794868749 -0.255617631682505 -0.708832250074482 0.657431720886169 -0.857706516385638 -0.14750607130651 -0.492525624386531 0.0976663588691263 -0.380228752617614 0.0334246078162684 0.0372560078283558 -0.289760168915832 0.335008574944663
-63.5746661123028 87.6168315897898 -29.8287492290379 -0.465645961529714 -0.11244760284638 0.877798026384846 -0.87683999918521 -0.0755269608501915 -0.474812904219798 -0.606175774013187 0.348141570070442 -0.0540235502677194 -0.0172858164448153 0.0766446766420406 -0.242039683711261
-64.0595514006548 87.2684193165907 -30.0088552612859 -0.289683819061791 0.400977160724888 0.869080319389874 -0.932469808550068 0.0865233575817311 -0.350733181685779 0.516049061050833 0.233267786933056 -0.29567518833972 0.236592626206201 -0.542599025897687 0.00472811248733761
-64.5436775763109 87.0887912300412 -29.9955975489774 -0.102680025346186 0.837964779745705 0.535977462493162 -0.980376644071094 0.00590317993159566 -0.197045142610917 0.450730209784789 -0.167374876028647 -0.29997492441158 0.506130957306639 -0.0857071856620552 -0.228804354265313
-65.0087371302508 87.0030794297419 -29.7917660643543 0.140898930696962 0.981887397150757 -0.126667401666304 -0.981806307484122 0.122130386495073 -0.145397879210696 0.119998278832472 0.16587530626613 -0.248933366198163 0.635895501000193 0.410369573186311 0.197498622316819
-65.4631211490274 87.1974918024114 -29.5852864722249 0.211534991780298 0.537502949786374 -0.816298674642717 -0.970442442391637 0.0162409962323907 -0.240785581059765 0.0254096750346269 -0.244614380652103 -0.263238323011216 0.0869959409503366 -0.514068877755115 -0.054427178360631
-65.9986447041595 87.3775492164472 -29.6821884572398 0.481062547961699 0.20206145610472 -0.853082641310595 -0.86974858725291 0.232175508249685 -0.435467482529526 0.420699460302315 0.255253891185829 -0.114668268143883 0.154614236565435 -0.279640753762191 0.383203384730027
-66.2691158284308 87.7980198485146 -29.8832828885935 0.387479948830127 -0.32367920238144 -0.863186574965272 -0.837342906953019 0.268112716232254 -0.476416233529053 -0.0740998887386485 -0.110194618843874 0.0680968977305805 -0.0337363995942371 -0.351966001635647 0.11042227275327
t = 1000000
b = 20 20 20
E = -1.07749123619524 -1.37197857877295 0.294487342577704
-51.0001481137308 87.4440955874705 -30.0036057372283 -0.0433306412626324 -0.998726022368176 0.0258609313910026 -0.0484444131812958 -0.0237543967376362 -0.998543372852252 -0.073644687406051 -0.0348200300015511 0.159472306023481 0.118309609247519 -0.254200388783232 0.368875796338758
-50.7026650833465 87.2429181118829 -30.5436111085575 -0.526494182601802 -0.822169776419756 0.216427203531233 -0.13362515470854 -0.171378247564633 -0.976101334027771 0.105278836270338 -0.360163542126491 0.976342499517289 0.235194022445024 0.0165560547700252 -0.289517328106376
-50.6510829643263 86.9374837504295 -30.9334818830177 -0.906529830420325 -0.280292379184841 0.315657803212592 -0.223178591370372 -0.316486595554077 -0.921969387338065 0.148235429754998 -0.143239443775439 0.171472624107512 0.417202621288209 0.0519000045027478 0.450404790302714
-50.6596204103337 86.4682000469776 -31.2800658599456 -0.931618321110236 0.274269666945017 0.238460591221306 -0.282827447883071 -0.135054880178899 -0.949615087318968 -0.459726129752393 -0.105847478863679 -0.348030688845579 -0.240363133913777 -0.052318738693972 -0.385361196011641
-51.0449994000021 86.1036392451293 -31.6104792287805 -0.658766244094834 0.731272398427574 0.176826793612192 -0.417030205144289 -0.159307054342105 -0.894822368089977 0.259340062603203 -0.143576729959102 -0.0873957345242651 -0.178531651599092 -0.213783893657516 0.349577620982039
-51.4569109227768 85.9159891339114 -31.8485848960805 -0.154360170900587 0.978926936769801 -0.133697382569875 -0.580368523349003 -0.199351074014205 -0.789576802087726 -0.0949329363962861 -0.263861214544993 0.0738288705658439 0.0326666059932028 -0.616891911861192 -0.617301814426359
-51.918040930438 85.8997782395781 -32.0664166914295 0.457866038837623 0.791255533935917 -0.405306514251784 -0.362249667839462 -0.250288079751777 -0.897848013465736 0.590804774513823 0.25342310480657 0.205980269149502 0.224377736879626 -0.0285545595992773 -0.0111635644856547
-52.2988705312907 86.05430455653 -32.4954194306619 0.873679291819853 0.331946794459232 -0.355662509541562 -0.366955839729544 -0.0303455515776643 -0.929743275957311 -0.0887080608472322 0.25351956719189 -0.0992773213732317 0.184812187938943 0.252976397839568 0.0249445829832882
-51.2996312487137 86.5456235036463 -32.811154442728 -0.900317961514199 -0.41129310146963 0.142357131392885 -0.000677241828744827 0.328406228588042 0.944536336181983 -0.290612142479768 0.573827940701236 -0.252913499829492 0.111923939113628 0.755910567753363 -0.239660663978605
-51.4929882999502 86.9152070058961 -32.5296560035958 -0.286584636429709 -0.877472897728927 0.384591419448811 0.0488805193317381 0.38751470181543 0.920566700846146 0.11294845444956 0.367409085914706 0.082598747969974 -0.523088299789099 -0.289873620957219 -0.16351674738934
-51.581856761422 87.0782398243797 -32.0298690078856 0.0868624855868652 -0.98712848973688 0.134284225981532 0.103153912027015 0.142981269669424 0.984335119233913 -0.0211273544471228 0.184770114736026 0.263500111369271 -0.266530430108738 0.180301319279927 0.361575495926782
-51.8171725859344 86.980160326371 -31.4921576104616 0.656336012834902 -0.753271061362904 -0.0424940745185465 0.114800775538431 0.0440429319969693 0.99241170996562 0.363962580872769 -0.0975117620901687 0.1632205087409 -0.321345860637399 -0.221589889978948 -0.391106312851179
-51.8073015028823 86.8060452017003 -30.9420906234691 0.918395436485199 -0.310591469748228 -0.245117851579187 0.292641366134254 0.116270074315877 0.949127125650541 0.365899158393166 0.182614960604771 -0.322326566522912 0.310855477934198 0.0455698730229591 0.33670636943344
-51.6600004194332 86.5431857685225 -30.4713939664555 0.834915729133692 0.335480021132225 -0.436312824320209 0.36909504298223 0.246771334863103 0.896031672172267 0.519612430111082 -0.654228693755848 -0.423786823019573 0.337526683436952 -0.433220281722602 0.25023924799202
-51.26716408926 86.2868721749639 -30.1437931111065 0.475724698556945 0.782800153852353 -0.40113580033654 0.43675726307566 0.185629700219026 0.88021855669331 -0.10715758065827 0.171622072155102 -0.070018105731858 0.256132292014525 0.112329290860268 0.185455840245073
-50.9023444679652 86.1770967680768 -29.9356755308767 -0.153300798221268 0.987348934176766 -0.0405086095136042 0.2295021099345 0.0754460602174486 0.970379654327768 -0.325241765101044 -0.329578340654295 -0.393844373989613 -0.436912644239844 0.218664802824412 0.383901363647362
