        0.0000  -1.345520   0.259841  -1.085679 
        5.0000  -1.425152   0.315057  -1.110095 
       10.0000  -1.406980   0.294179  -1.112801 
       15.0000  -1.327459   0.299665  -1.027794 
       20.0000  -1.293616   0.264826  -1.028790 
       25.0000  -1.370220   0.351907  -1.018314 
       30.0000  -1.428488   0.416327  -1.012161 
       35.0000  -1.347949   0.313620  -1.034329 
       40.0000  -1.340601   0.276951  -1.063651 
       45.0000  -1.396438   0.339719  -1.056719 
       50.0000  -1.345430   0.296053  -1.049377 
       55.0000  -1.347439   0.290558  -1.056881 
       60.0000  -1.364753   0.328301  -1.036452 
       65.0000  -1.325001   0.311338  -1.013663 
       70.0000  -1.341697   0.306062  -1.035635 
       75.0000  -1.361441   0.312142  -1.049300 
       80.0000  -1.418468   0.321763  -1.096706 
       85.0000  -1.351711   0.233327  -1.118384 
       90.0000  -1.453152   0.333574  -1.119579 
       95.0000  -1.391650   0.281511  -1.110138 
      100.0000  -1.416682   0.306082  -1.110600 
      105.0000  -1.425534   0.300567  -1.124967 
      110.0000  -1.474625   0.337413  -1.137212 
      115.0000  -1.411596   0.272744  -1.138852 
      120.0000  -1.432754   0.293094  -1.139660 
      125.0000  -1.436371   0.300990  -1.135381 
      130.0000  -1.397515   0.266955  -1.130560 
      135.0000  -1.436729   0.313248  -1.123481 
      140.0000  -1.392600   0.239506  -1.153094 
      145.0000  -1.457312   0.252900  -1.204412 
      150.0000  -1.450330   0.254587  -1.195743 
      155.0000  -1.438530   0.247560  -1.190969 
      160.0000  -1.427826   0.236904  -1.190922 
      165.0000  -1.483318   0.297263  -1.186055 
      170.0000  -1.434667   0.255804  -1.178863 
      175.0000  -1.441693   0.266430  -1.175264 
      180.0000  -1.424175   0.240971  -1.183204 
      185.0000  -1.394861   0.204850  -1.190012 
      190.0000  -1.487816   0.282097  -1.205720 
      195.0000  -1.504561   0.286275  -1.218286 
      200.0000  -1.446633   0.236646  -1.209987 
      205.0000  -1.442618   0.232797  -1.209822 
      210.0000  -1.492813   0.267095  -1.225718 
      215.0000  -1.460202   0.234381  -1.225821 
      220.0000  -1.457091   0.226300  -1.230791 
      225.0000  -1.415320   0.227688  -1.187632 
      230.0000  -1.444788   0.238103  -1.206685 
      235.0000  -1.443414   0.237970  -1.205445 
      240.0000  -1.467889   0.291726  -1.176163 
      245.0000  -1.421273   0.279616  -1.141657 
      250.0000  -1.384083   0.252496  -1.131588 
      255.0000  -1.415099   0.277323  -1.137775 
      260.0000  -1.373919   0.213032  -1.160888 
      265.0000  -1.404493   0.243400  -1.161094 
      270.0000  -1.417989   0.281429  -1.136561 
      275.0000  -1.404995   0.271561  -1.133434 
      280.0000  -1.388944   0.259581  -1.129363 
      285.0000  -1.338282   0.185286  -1.152996 
      290.0000  -1.465235   0.295604  -1.169632 
      295.0000  -1.448689   0.279461  -1.169228 
      300.0000  -1.428243   0.254217  -1.174026 
      305.0000  -1.421592   0.256416  -1.165176 
      310.0000  -1.441758   0.266701  -1.175057 
      315.0000  -1.429561   0.255021  -1.174540 
      320.0000  -1.386649   0.220093  -1.166556 
      325.0000  -1.455801   0.307482  -1.148318 
      330.0000  -1.391898   0.313782  -1.078116 
      335.0000  -1.421386   0.329135  -1.092252 
      340.0000  -1.365402   0.270865  -1.094538 
      345.0000  -1.411744   0.322721  -1.089022 
      350.0000  -1.414717   0.301276  -1.113441 
      355.0000  -1.453977   0.320535  -1.133443 
      360.0000  -1.367617   0.237878  -1.129738 
      365.0000  -1.398984   0.298489  -1.100495 
      370.0000  -1.414003   0.322606  -1.091397 
      375.0000  -1.359131   0.249758  -1.109374 
      380.0000  -1.369342   0.258787  -1.110556 
      385.0000  -1.383504   0.266069  -1.117435 
      390.0000  -1.369201   0.262623  -1.106578 
      395.0000  -1.393196   0.263373  -1.129824 
      400.0000  -1.357271   0.232839  -1.124431 
      405.0000  -1.367878   0.263003  -1.104875 
      410.0000  -1.413487   0.306269  -1.107218 
      415.0000  -1.407080   0.285013  -1.122067 
      420.0000  -1.409966   0.300540  -1.109426 
      425.0000  -1.404537   0.295437  -1.109100 
      430.0000  -1.419148   0.297437  -1.121711 
      435.0000  -1.411479   0.276784  -1.134695 
      440.0000  -1.415120   0.261929  -1.153192 
      445.0000  -1.409121   0.243545  -1.165576 
      450.0000  -1.421774   0.259814  -1.161959 
      455.0000  -1.425184   0.260695  -1.164489 
      460.0000  -1.418263   0.271554  -1.146709 
      465.0000  -1.365907   0.224696  -1.141210 
      470.0000  -1.410586   0.290572  -1.120014 
      475.0000  -1.433693   0.329686  -1.104007 
      480.0000  -1.333886   0.234680  -1.099205 
      485.0000  -1.406112   0.312036  -1.094076 
      490.0000  -1.360883   0.258881  -1.102002 
      495.0000  -1.348200   0.250805  -1.097395 
      500.0000  -1.321883   0.229043  -1.092840 
      505.0000  -1.402373   0.331173  -1.071200 
      510.0000  -1.404123   0.294084  -1.110039 
      515.0000  -1.433540   0.322085  -1.111455 
      520.0000  -1.390798   0.316807  -1.073991 
      525.0000  -1.325715   0.290871  -1.034844 
      530.0000  -1.325106   0.299083  -1.026023 
      535.0000  -1.386770   0.341185  -1.045584 
      540.0000  -1.377984   0.324315  -1.053669 
      545.0000  -1.332702   0.279097  -1.053605 
      550.0000  -1.258919   0.243796  -1.015123 
      555.0000  -1.318193   0.292329  -1.025864 
      560.0000  -1.314691   0.271988  -1.042703 
      565.0000  -1.441699   0.413512  -1.028187 
      570.0000  -1.333625   0.305725  -1.027900 
      575.0000  -1.337872   0.311980  -1.025892 
      580.0000  -1.339082   0.310069  -1.029013 
      585.0000  -1.362057   0.337197  -1.024861 
      590.0000  -1.367994   0.335454  -1.032540 
      595.0000  -1.437488   0.355109  -1.082379 
      600.0000  -1.314178   0.249185  -1.064993 
      605.0000  -1.355935   0.252765  -1.103170 
      610.0000  -1.394521   0.265461  -1.129060 
      615.0000  -1.391647   0.233012  -1.158635 
      620.0000  -1.417804   0.298771  -1.119033 
      625.0000  -1.371049   0.251109  -1.119940 
      630.0000  -1.415437   0.295319  -1.120119 
      635.0000  -1.361504   0.242038  -1.119467 
      640.0000  -1.406655   0.288175  -1.118479 
      645.0000  -1.396488   0.245924  -1.150565 
      650.0000  -1.381924   0.241373  -1.140551 
      655.0000  -1.422907   0.263200  -1.159708 
      660.0000  -1.393329   0.220861  -1.172468 
      665.0000  -1.394746   0.251941  -1.142805 
      670.0000  -1.373198   0.241754  -1.131444 
      675.0000  -1.385078   0.240125  -1.144953 
      680.0000  -1.390900   0.245711  -1.145189 
      685.0000  -1.362813   0.227859  -1.134954 
      690.0000  -1.435607   0.303346  -1.132262 
      695.0000  -1.392778   0.255186  -1.137592 
      700.0000  -1.370951   0.251184  -1.119767 
      705.0000  -1.397545   0.266437  -1.131108 
      710.0000  -1.508612   0.360294  -1.148318 
      715.0000  -1.389450   0.221551  -1.167899 
      720.0000  -1.429533   0.277067  -1.152466 
      725.0000  -1.430470   0.242375  -1.188095 
      730.0000  -1.424926   0.235736  -1.189191 
      735.0000  -1.517050   0.315506  -1.201544 
      740.0000  -1.484603   0.277063  -1.207540 
      745.0000  -1.408453   0.193991  -1.214462 
      750.0000  -1.479461   0.268655  -1.210806 
      755.0000  -1.398666   0.193900  -1.204766 
      760.0000  -1.484428   0.289148  -1.195281 
      765.0000  -1.420096   0.226243  -1.193853 
      770.0000  -1.440987   0.235134  -1.205853 
      775.0000  -1.501788   0.328756  -1.173032 
      780.0000  -1.440833   0.281279  -1.159554 
      785.0000  -1.415382   0.251250  -1.164132 
      790.0000  -1.415361   0.245749  -1.169612 
      795.0000  -1.418256   0.254466  -1.163789 
      800.0000  -1.470867   0.291814  -1.179053 
      805.0000  -1.455403   0.286176  -1.169228 
      810.0000  -1.422061   0.260280  -1.161781 
      815.0000  -1.431186   0.263225  -1.167961 
      820.0000  -1.464511   0.284356  -1.180155 
      825.0000  -1.424621   0.268129  -1.156493 
      830.0000  -1.426340   0.270447  -1.155892 
      835.0000  -1.446302   0.273424  -1.172878 
      840.0000  -1.472984   0.253498  -1.219486 
      845.0000  -1.456627   0.251230  -1.205397 
      850.0000  -1.464295   0.240747  -1.223548 
      855.0000  -1.450112   0.246659  -1.203453 
      860.0000  -1.450195   0.251148  -1.199047 
      865.0000  -1.424510   0.233667  -1.190843 
      870.0000  -1.451546   0.290468  -1.161078 
      875.0000  -1.502745   0.323689  -1.179056 
      880.0000  -1.444298   0.260511  -1.183786 
      885.0000  -1.429969   0.262900  -1.167069 
      890.0000  -1.437112   0.278250  -1.158862 
      895.0000  -1.415519   0.226574  -1.188945 
      900.0000  -1.455525   0.267729  -1.187795 
      905.0000  -1.459843   0.282450  -1.177392 
      910.0000  -1.423896   0.259532  -1.164364 
      915.0000  -1.411902   0.242407  -1.169495 
      920.0000  -1.406096   0.244242  -1.161854 
      925.0000  -1.476649   0.303205  -1.173444 
      930.0000  -1.471414   0.295486  -1.175928 
      935.0000  -1.501586   0.314411  -1.187176 
      940.0000  -1.415536   0.276356  -1.139180 
      945.0000  -1.381580   0.247795  -1.133785 
      950.0000  -1.406119   0.268047  -1.138072 
      955.0000  -1.392921   0.268456  -1.124465 
      960.0000  -1.437084   0.310923  -1.126161 
      965.0000  -1.467259   0.332279  -1.134980 
      970.0000  -1.474575   0.325043  -1.149532 
      975.0000  -1.398616   0.250359  -1.148257 
      980.0000  -1.484099   0.323048  -1.161051 
      985.0000  -1.380817   0.229063  -1.151754 
      990.0000  -1.443680   0.297723  -1.145957 
      995.0000  -1.381604   0.209050  -1.172554 
     1000.0000  -1.449192   0.287559  -1.161633 
     1005.0000  -1.451995   0.291993  -1.160002 
     1010.0000  -1.381013   0.223602  -1.157411 
     1015.0000  -1.496621   0.335641  -1.160980 
     1020.0000  -1.354987   0.227256  -1.127731 
     1025.0000  -1.352924   0.223495  -1.129429 
     1030.0000  -1.459611   0.335612  -1.123999 
     1035.0000  -1.410888   0.275292  -1.135596 
     1040.0000  -1.418269   0.298449  -1.119820 
     1045.0000  -1.353814   0.290626  -1.063188 
     1050.0000  -1.383226   0.329409  -1.053817 
     1055.0000  -1.388974   0.343046  -1.045928 
     1060.0000  -1.365336   0.285289  -1.080047 
     1065.0000  -1.413914   0.314216  -1.099698 
     1070.0000  -1.383367   0.263684  -1.119683 
     1075.0000  -1.386287   0.259419  -1.126868 
     1080.0000  -1.389553   0.268291  -1.121262 
     1085.0000  -1.379844   0.270273  -1.109570 
     1090.0000  -1.370117   0.264029  -1.106088 
     1095.0000  -1.478978   0.352400  -1.126578 
     1100.0000  -1.369191   0.219465  -1.149726 
     1105.0000  -1.446106   0.284320  -1.161786 
     1110.0000  -1.368391   0.221121  -1.147270 
     1115.0000  -1.421705   0.297188  -1.124517 
     1120.0000  -1.406398   0.293049  -1.113349 
     1125.0000  -1.412846   0.322120  -1.090725 
     1130.0000  -1.423584   0.312177  -1.111406 
     1135.0000  -1.340077   0.239866  -1.100211 
     1140.0000  -1.422218   0.310222  -1.111996 
     1145.0000  -1.365109   0.289324  -1.075785 
     1150.0000  -1.386358   0.310459  -1.075899 
     1155.0000  -1.368620   0.300518  -1.068102 
     1160.0000  -1.367203   0.306708  -1.060495 
     1165.0000  -1.393988   0.275639  -1.118349 
     1170.0000  -1.390690   0.296461  -1.094229 
     1175.0000  -1.390845   0.276153  -1.114692 
     1180.0000  -1.390855   0.279977  -1.110878 
     1185.0000  -1.370016   0.254221  -1.115795 
     1190.0000  -1.328316   0.243190  -1.085126 
     1195.0000  -1.380378   0.270836  -1.109542 
     1200.0000  -1.393697   0.263430  -1.130267 
     1205.0000  -1.326874   0.231019  -1.095855 
     1210.0000  -1.447853   0.364098  -1.083755 
     1215.0000  -1.392999   0.311199  -1.081800 
     1220.0000  -1.374039   0.303326  -1.070714 
     1225.0000  -1.388209   0.327943  -1.060266 
     1230.0000  -1.387246   0.361310  -1.025937 
     1235.0000  -1.352103   0.321832  -1.030271 
     1240.0000  -1.375608   0.340943  -1.034665 
     1245.0000  -1.355739   0.315289  -1.040450 
     1250.0000  -1.365920   0.275803  -1.090117 
     1255.0000  -1.399373   0.309516  -1.089858 
     1260.0000  -1.355997   0.278041  -1.077956 
     1265.0000  -1.356299   0.307282  -1.049017 
     1270.0000  -1.384540   0.295560  -1.088980 
     1275.0000  -1.355400   0.258183  -1.097217 
     1280.0000  -1.376460   0.280692  -1.095768 
     1285.0000  -1.352566   0.280101  -1.072464 
     1290.0000  -1.302007   0.259331  -1.042676 
     1295.0000  -1.291597   0.304381  -0.987216 
     1300.0000  -1.354195   0.403037  -0.951158 
     1305.0000  -1.340586   0.390000  -0.950586 
     1310.0000  -1.287004   0.313245  -0.973759 
     1315.0000  -1.278151   0.311668  -0.966484 
     1320.0000  -1.265390   0.285925  -0.979464 
     1325.0000  -1.357114   0.378104  -0.979010 
     1330.0000  -1.315052   0.324638  -0.990414 
     1335.0000  -1.358763   0.367903  -0.990861 
     1340.0000  -1.396017   0.419481  -0.976536 
     1345.0000  -1.350970   0.355950  -0.995020 
     1350.0000  -1.318510   0.303640  -1.014870 
     1355.0000  -1.375145   0.374340  -1.000806 
     1360.0000  -1.352543   0.374424  -0.978119 
     1365.0000  -1.368647   0.374580  -0.994067 
     1370.0000  -1.337160   0.308797  -1.028363 
     1375.0000  -1.357586   0.345428  -1.012158 
     1380.0000  -1.285874   0.260592  -1.025282 
     1385.0000  -1.308414   0.278814  -1.029600 
     1390.0000  -1.289543   0.270843  -1.018700 
     1395.0000  -1.322415   0.285675  -1.036740 
     1400.0000  -1.340430   0.339646  -1.000784 
     1405.0000  -1.316028   0.337877  -0.978151 
     1410.0000  -1.355623   0.349543  -1.006079 
     1415.0000  -1.298666   0.304919  -0.993747 
     1420.0000  -1.359923   0.313572  -1.046352 
     1425.0000  -1.366226   0.324584  -1.041642 
     1430.0000  -1.356030   0.291406  -1.064624 
     1435.0000  -1.431022   0.314758  -1.116264 
     1440.0000  -1.406759   0.296978  -1.109782 
     1445.0000  -1.370250   0.278599  -1.091651 
     1450.0000  -1.358330   0.274893  -1.083437 
     1455.0000  -1.334546   0.268701  -1.065845 
     1460.0000  -1.347029   0.299694  -1.047336 
     1465.0000  -1.342897   0.275089  -1.067808 
     1470.0000  -1.396317   0.324002  -1.072315 
     1475.0000  -1.377551   0.301992  -1.075559 
     1480.0000  -1.395774   0.310207  -1.085567 
     1485.0000  -1.398670   0.329843  -1.068827 
     1490.0000  -1.398172   0.297362  -1.100810 
     1495.0000  -1.365004   0.268066  -1.096938 
     1500.0000  -1.438851   0.306331  -1.132519 
     1505.0000  -1.372274   0.247351  -1.124923 
     1510.0000  -1.444154   0.277181  -1.166973 
     1515.0000  -1.429938   0.255931  -1.174007 
     1520.0000  -1.444667   0.289032  -1.155635 
     1525.0000  -1.423245   0.248378  -1.174867 
     1530.0000  -1.384525   0.201752  -1.182772 
     1535.0000  -1.385484   0.182887  -1.202597 
     1540.0000  -1.455085   0.277798  -1.177287 
     1545.0000  -1.449322   0.270786  -1.178537 
     1550.0000  -1.404652   0.224694  -1.179957 
     1555.0000  -1.461947   0.286364  -1.175583 
     1560.0000  -1.434499   0.249736  -1.184763 
     1565.0000  -1.420953   0.263190  -1.157763 
     1570.0000  -1.392835   0.251576  -1.141259 
     1575.0000  -1.448492   0.324423  -1.124069 
     1580.0000  -1.352038   0.231421  -1.120618 
     1585.0000  -1.411999   0.330265  -1.081734 
     1590.0000  -1.375606   0.268889  -1.106717 
     1595.0000  -1.380267   0.280441  -1.099826 
     1600.0000  -1.417415   0.312894  -1.104521 
     1605.0000  -1.383570   0.295493  -1.088076 
     1610.0000  -1.406129   0.345920  -1.060208 
     1615.0000  -1.347005   0.332458  -1.014547 
     1620.0000  -1.376758   0.357142  -1.019616 
     1625.0000  -1.390605   0.388142  -1.002462 
     1630.0000  -1.307523   0.289395  -1.018128 
     1635.0000  -1.365288   0.368709  -0.996579 
     1640.0000  -1.298239   0.319713  -0.978526 
     1645.0000  -1.382004   0.338548  -1.043456 
     1650.0000  -1.328531   0.277208  -1.051323 
     1655.0000  -1.347681   0.315946  -1.031736 
     1660.0000  -1.351078   0.310255  -1.040823 
     1665.0000  -1.308100   0.278174  -1.029925 
     1670.0000  -1.323823   0.292654  -1.031169 
     1675.0000  -1.361042   0.323293  -1.037749 
     1680.0000  -1.349638   0.335352  -1.014286 
     1685.0000  -1.295785   0.275207  -1.020578 
     1690.0000  -1.281915   0.270204  -1.011711 
     1695.0000  -1.320226   0.334467  -0.985759 
     1700.0000  -1.259023   0.256712  -1.002311 
     1705.0000  -1.357073   0.341540  -1.015534 
     1710.0000  -1.297208   0.327817  -0.969391 
     1715.0000  -1.423165   0.438221  -0.984944 
     1720.0000  -1.305461   0.310021  -0.995440 
     1725.0000  -1.324717   0.319060  -1.005657 
     1730.0000  -1.345443   0.320292  -1.025150 
     1735.0000  -1.329343   0.315082  -1.014261 
     1740.0000  -1.349566   0.293883  -1.055684 
     1745.0000  -1.319579   0.298038  -1.021541 
     1750.0000  -1.343318   0.317525  -1.025792 
     1755.0000  -1.299321   0.241480  -1.057841 
     1760.0000  -1.370752   0.327025  -1.043727 
     1765.0000  -1.408567   0.377441  -1.031126 
     1770.0000  -1.364322   0.307707  -1.056615 
     1775.0000  -1.377685   0.343604  -1.034081 
     1780.0000  -1.409786   0.352957  -1.056829 
     1785.0000  -1.353910   0.272500  -1.081410 
     1790.0000  -1.364158   0.282651  -1.081507 
     1795.0000  -1.364561   0.284334  -1.080227 
     1800.0000  -1.365443   0.282684  -1.082759 
     1805.0000  -1.379291   0.322922  -1.056369 
     1810.0000  -1.350457   0.288598  -1.061859 
     1815.0000  -1.348012   0.301014  -1.046998 
     1820.0000  -1.321615   0.295053  -1.026561 
     1825.0000  -1.375468   0.335343  -1.040125 
     1830.0000  -1.366243   0.319061  -1.047182 
     1835.0000  -1.337408   0.281726  -1.055682 
     1840.0000  -1.359177   0.303395  -1.055782 
     1845.0000  -1.394312   0.325230  -1.069082 
     1850.0000  -1.391722   0.320703  -1.071018 
     1855.0000  -1.424787   0.336758  -1.088029 
     1860.0000  -1.417438   0.328547  -1.088892 
     1865.0000  -1.364572   0.256850  -1.107722 
     1870.0000  -1.452181   0.305685  -1.146496 
     1875.0000  -1.429783   0.272850  -1.156933 
     1880.0000  -1.377306   0.212633  -1.164673 
     1885.0000  -1.371224   0.225477  -1.145747 
     1890.0000  -1.402245   0.264381  -1.137863 
     1895.0000  -1.490610   0.330143  -1.160467 
     1900.0000  -1.465709   0.331631  -1.134078 
     1905.0000  -1.394374   0.298698  -1.095676 
     1910.0000  -1.396839   0.315076  -1.081763 
     1915.0000  -1.357983   0.287699  -1.070284 
     1920.0000  -1.370555   0.332201  -1.038354 
     1925.0000  -1.342565   0.315094  -1.027471 
     1930.0000  -1.295921   0.285675  -1.010247 
     1935.0000  -1.298712   0.277575  -1.021136 
     1940.0000  -1.273359   0.285567  -0.987792 
     1945.0000  -1.334946   0.330555  -1.004391 
     1950.0000  -1.401957   0.349632  -1.052325 
     1955.0000  -1.329483   0.297019  -1.032465 
     1960.0000  -1.396896   0.360792  -1.036104 
     1965.0000  -1.311738   0.267632  -1.044106 
     1970.0000  -1.342370   0.277905  -1.064466 
     1975.0000  -1.350903   0.327257  -1.023646 
     1980.0000  -1.358185   0.311385  -1.046800 
     1985.0000  -1.314335   0.264784  -1.049552 
     1990.0000  -1.315132   0.286164  -1.028968 
     1995.0000  -1.407172   0.360951  -1.046221 
     2000.0000  -1.351679   0.317881  -1.033798 
     2005.0000  -1.320395   0.280020  -1.040375 
     2010.0000  -1.317750   0.301736  -1.016014 
     2015.0000  -1.298404   0.289700  -1.008703 
     2020.0000  -1.356032   0.347541  -1.008491 
     2025.0000  -1.319544   0.250713  -1.068831 
     2030.0000  -1.395115   0.306784  -1.088331 
     2035.0000  -1.375166   0.280994  -1.094172 
     2040.0000  -1.414347   0.307410  -1.106938 
     2045.0000  -1.416795   0.312309  -1.104485 
     2050.0000  -1.427423   0.308904  -1.118519 
     2055.0000  -1.444033   0.315459  -1.128574 
     2060.0000  -1.396861   0.267865  -1.128997 
     2065.0000  -1.445457   0.309405  -1.136052 
     2070.0000  -1.445321   0.314220  -1.131101 
     2075.0000  -1.386058   0.264955  -1.121103 
     2080.0000  -1.418930   0.284585  -1.134344 
     2085.0000  -1.400459   0.259823  -1.140636 
     2090.0000  -1.451709   0.281591  -1.170118 
     2095.0000  -1.408872   0.245648  -1.163224 
     2100.0000  -1.427989   0.261378  -1.166611 
     2105.0000  -1.391401   0.234594  -1.156806 
     2110.0000  -1.381516   0.259336  -1.122181 
     2115.0000  -1.376614   0.237000  -1.139613 
     2120.0000  -1.397956   0.250419  -1.147537 
     2125.0000  -1.350716   0.203504  -1.147212 
     2130.0000  -1.399878   0.249940  -1.149938 
     2135.0000  -1.416226   0.280795  -1.135431 
     2140.0000  -1.334957   0.267715  -1.067242 
     2145.0000  -1.407986   0.320380  -1.087605 
     2150.0000  -1.370725   0.292749  -1.077976 
     2155.0000  -1.366473   0.279224  -1.087249 
     2160.0000  -1.397267   0.311546  -1.085721 
     2165.0000  -1.352798   0.289504  -1.063293 
     2170.0000  -1.424587   0.316541  -1.108046 
     2175.0000  -1.409098   0.273431  -1.135667 
     2180.0000  -1.414100   0.328331  -1.085769 
     2185.0000  -1.408153   0.308522  -1.099631 
     2190.0000  -1.440546   0.326855  -1.113691 
     2195.0000  -1.364519   0.246617  -1.117902 
     2200.0000  -1.428716   0.293537  -1.135180 
     2205.0000  -1.447783   0.313733  -1.134050 
     2210.0000  -1.448926   0.295357  -1.153569 
     2215.0000  -1.426284   0.287607  -1.138676 
     2220.0000  -1.394858   0.255072  -1.139786 
     2225.0000  -1.454715   0.323251  -1.131464 
     2230.0000  -1.430046   0.338407  -1.091639 
     2235.0000  -1.343670   0.262578  -1.081091 
     2240.0000  -1.328727   0.247740  -1.080987 
     2245.0000  -1.374850   0.273512  -1.101338 
     2250.0000  -1.349633   0.269487  -1.080146 
     2255.0000  -1.349652   0.289598  -1.060055 
     2260.0000  -1.358906   0.283775  -1.075131 
     2265.0000  -1.380651   0.266892  -1.113758 
     2270.0000  -1.447369   0.328879  -1.118491 
     2275.0000  -1.375296   0.282228  -1.093068 
     2280.0000  -1.394920   0.292187  -1.102733 
     2285.0000  -1.385518   0.263248  -1.122269 
     2290.0000  -1.462723   0.386195  -1.076528 
     2295.0000  -1.417008   0.321517  -1.095491 
     2300.0000  -1.378588   0.285577  -1.093011 
     2305.0000  -1.363724   0.288124  -1.075600 
     2310.0000  -1.422264   0.353760  -1.068504 
     2315.0000  -1.367446   0.309786  -1.057660 
     2320.0000  -1.382123   0.291929  -1.090194 
     2325.0000  -1.366709   0.288743  -1.077966 
     2330.0000  -1.352169   0.277809  -1.074360 
     2335.0000  -1.393414   0.307654  -1.085760 
     2340.0000  -1.372757   0.285592  -1.087165 
     2345.0000  -1.405032   0.303697  -1.101335 
     2350.0000  -1.445692   0.314100  -1.131593 
     2355.0000  -1.430756   0.298377  -1.132378 
     2360.0000  -1.433550   0.275969  -1.157581 
     2365.0000  -1.395681   0.215181  -1.180500 
     2370.0000  -1.398769   0.222173  -1.176596 
     2375.0000  -1.462654   0.278004  -1.184650 
     2380.0000  -1.437413   0.254194  -1.183219 
     2385.0000  -1.468561   0.264670  -1.203891 
     2390.0000  -1.404198   0.229024  -1.175174 
     2395.0000  -1.414852   0.227812  -1.187040 
     2400.0000  -1.428224   0.244578  -1.183646 
     2405.0000  -1.430603   0.262284  -1.168319 
     2410.0000  -1.423609   0.268164  -1.155444 
     2415.0000  -1.437780   0.277016  -1.160764 
     2420.0000  -1.426778   0.285951  -1.140827 
     2425.0000  -1.445342   0.295068  -1.150275 
     2430.0000  -1.442147   0.297739  -1.144408 
     2435.0000  -1.404941   0.265841  -1.139100 
     2440.0000  -1.385932   0.245576  -1.140356 
     2445.0000  -1.412738   0.323074  -1.089664 
     2450.0000  -1.388869   0.279008  -1.109861 
     2455.0000  -1.369441   0.259648  -1.109793 
     2460.0000  -1.407484   0.288038  -1.119446 
     2465.0000  -1.372813   0.251780  -1.121033 
     2470.0000  -1.411365   0.300586  -1.110779 
     2475.0000  -1.394498   0.286332  -1.108166 
     2480.0000  -1.344342   0.245347  -1.098995 
     2485.0000  -1.381683   0.277801  -1.103881 
     2490.0000  -1.422923   0.307446  -1.115477 
     2495.0000  -1.429237   0.297805  -1.131432 
     2500.0000  -1.365561   0.251628  -1.113933 
     2505.0000  -1.394024   0.301660  -1.092364 
     2510.0000  -1.425921   0.302677  -1.123244 
     2515.0000  -1.400674   0.276795  -1.123879 
     2520.0000  -1.410948   0.286823  -1.124125 
     2525.0000  -1.401719   0.254555  -1.147164 
     2530.0000  -1.459279   0.315434  -1.143846 
     2535.0000  -1.390899   0.223782  -1.167117 
     2540.0000  -1.404557   0.242289  -1.162268 
     2545.0000  -1.452751   0.298538  -1.154213 
     2550.0000  -1.379817   0.238904  -1.140914 
     2555.0000  -1.411759   0.281404  -1.130355 
     2560.0000  -1.426341   0.297285  -1.129056 
     2565.0000  -1.441771   0.266833  -1.174939 
     2570.0000  -1.444123   0.294366  -1.149757 
     2575.0000  -1.437339   0.285453  -1.151886 
     2580.0000  -1.464110   0.292070  -1.172040 
     2585.0000  -1.455404   0.285871  -1.169533 
     2590.0000  -1.462528   0.264033  -1.198495 
     2595.0000  -1.413339   0.197261  -1.216078 
     2600.0000  -1.442024   0.224302  -1.217722 
     2605.0000  -1.461162   0.245552  -1.215610 
     2610.0000  -1.452723   0.230639  -1.222084 
     2615.0000  -1.482835   0.287355  -1.195479 
     2620.0000  -1.450392   0.259055  -1.191337 
     2625.0000  -1.445349   0.263579  -1.181770 
     2630.0000  -1.431461   0.261012  -1.170449 
     2635.0000  -1.461175   0.302581  -1.158594 
     2640.0000  -1.450131   0.307267  -1.142863 
     2645.0000  -1.379788   0.269318  -1.110469 
     2650.0000  -1.381596   0.256508  -1.125087 
     2655.0000  -1.408727   0.310325  -1.098401 
     2660.0000  -1.448658   0.348672  -1.099987 
     2665.0000  -1.431507   0.337064  -1.094443 
     2670.0000  -1.372993   0.284336  -1.088657 
     2675.0000  -1.472364   0.409417  -1.062946 
     2680.0000  -1.419307   0.360578  -1.058728 
     2685.0000  -1.378202   0.325243  -1.052959 
     2690.0000  -1.396540   0.353753  -1.042786 
     2695.0000  -1.383775   0.316987  -1.066787 
     2700.0000  -1.409473   0.339753  -1.069720 
     2705.0000  -1.418263   0.340030  -1.078232 
     2710.0000  -1.395822   0.349600  -1.046222 
     2715.0000  -1.312862   0.267956  -1.044906 
     2720.0000  -1.379625   0.312979  -1.066646 
     2725.0000  -1.346322   0.302025  -1.044297 
     2730.0000  -1.301426   0.332155  -0.969271 
     2735.0000  -1.352914   0.355982  -0.996933 
     2740.0000  -1.329689   0.339988  -0.989700 
     2745.0000  -1.320942   0.302919  -1.018023 
     2750.0000  -1.337824   0.350378  -0.987446 
     2755.0000  -1.299275   0.299639  -0.999636 
     2760.0000  -1.382178   0.350515  -1.031663 
     2765.0000  -1.368369   0.337820  -1.030549 
     2770.0000  -1.351111   0.326538  -1.024573 
     2775.0000  -1.329271   0.264223  -1.065047 
     2780.0000  -1.403216   0.348498  -1.054718 
     2785.0000  -1.376843   0.323527  -1.053316 
     2790.0000  -1.381902   0.357398  -1.024504 
     2795.0000  -1.354840   0.315562  -1.039278 
     2800.0000  -1.395704   0.375787  -1.019917 
     2805.0000  -1.339447   0.315397  -1.024050 
     2810.0000  -1.284788   0.265656  -1.019132 
     2815.0000  -1.357439   0.317272  -1.040166 
     2820.0000  -1.330723   0.279359  -1.051364 
     2825.0000  -1.390848   0.311152  -1.079696 
     2830.0000  -1.362000   0.300189  -1.061811 
     2835.0000  -1.362862   0.289836  -1.073026 
     2840.0000  -1.460587   0.390075  -1.070513 
     2845.0000  -1.335881   0.282215  -1.053666 
     2850.0000  -1.325521   0.257023  -1.068498 
     2855.0000  -1.370935   0.276323  -1.094613 
     2860.0000  -1.438377   0.370456  -1.067921 
     2865.0000  -1.359395   0.322196  -1.037199 
     2870.0000  -1.324681   0.281014  -1.043667 
     2875.0000  -1.346089   0.309801  -1.036288 
     2880.0000  -1.382595   0.337536  -1.045059 
     2885.0000  -1.328878   0.321430  -1.007449 
     2890.0000  -1.311521   0.265891  -1.045630 
     2895.0000  -1.307915   0.286705  -1.021210 
     2900.0000  -1.378282   0.324713  -1.053569 
     2905.0000  -1.353649   0.309877  -1.043772 
     2910.0000  -1.323238   0.283515  -1.039723 
     2915.0000  -1.373078   0.315573  -1.057505 
     2920.0000  -1.351965   0.275512  -1.076452 
     2925.0000  -1.378947   0.308104  -1.070843 
     2930.0000  -1.372107   0.307270  -1.064837 
     2935.0000  -1.358011   0.331658  -1.026353 
     2940.0000  -1.391386   0.355522  -1.035864 
     2945.0000  -1.403499   0.337242  -1.066257 
     2950.0000  -1.395740   0.343687  -1.052053 
     2955.0000  -1.407613   0.360935  -1.046678 
     2960.0000  -1.358479   0.310963  -1.047516 
     2965.0000  -1.400245   0.340418  -1.059826 
     2970.0000  -1.446657   0.374062  -1.072594 
     2975.0000  -1.356587   0.310993  -1.045594 
     2980.0000  -1.370055   0.300002  -1.070053 
     2985.0000  -1.369760   0.315494  -1.054265 
     2990.0000  -1.388842   0.377190  -1.011652 
     2995.0000  -1.272904   0.265211  -1.007692 
     3000.0000  -1.359340   0.339854  -1.019485 
     3005.0000  -1.369768   0.364738  -1.005029 
     3010.0000  -1.404491   0.407518  -0.996973 
     3015.0000  -1.319679   0.348723  -0.970957 
     3020.0000  -1.315946   0.303975  -1.011970 
     3025.0000  -1.315748   0.317307  -0.998441 
     3030.0000  -1.367365   0.379618  -0.987746 
     3035.0000  -1.332424   0.357839  -0.974585 
     3040.0000  -1.282858   0.314258  -0.968600 
     3045.0000  -1.301497   0.331972  -0.969525 
     3050.0000  -1.248352   0.296438  -0.951915 
     3055.0000  -1.281938   0.323272  -0.958666 
     3060.0000  -1.324122   0.363845  -0.960277 
     3065.0000  -1.308016   0.334960  -0.973056 
     3070.0000  -1.321060   0.327949  -0.993110 
     3075.0000  -1.369710   0.335321  -1.034389 
     3080.0000  -1.270101   0.248242  -1.021859 
     3085.0000  -1.367055   0.331992  -1.035063 
     3090.0000  -1.353727   0.303461  -1.050267 
     3095.0000  -1.394310   0.350572  -1.043739 
     3100.0000  -1.266354   0.220635  -1.045719 
     3105.0000  -1.407803   0.351510  -1.056292 
     3110.0000  -1.346985   0.315330  -1.031655 
     3115.0000  -1.415650   0.381954  -1.033696 
     3120.0000  -1.375876   0.326207  -1.049668 
     3125.0000  -1.408881   0.303010  -1.105870 
     3130.0000  -1.411662   0.301551  -1.110111 
     3135.0000  -1.414142   0.327743  -1.086399 
     3140.0000  -1.334942   0.235497  -1.099445 
     3145.0000  -1.367696   0.279606  -1.088090 
     3150.0000  -1.346492   0.307649  -1.038844 
     3155.0000  -1.290404   0.238043  -1.052361 
     3160.0000  -1.340702   0.291109  -1.049593 
     3165.0000  -1.347567   0.339230  -1.008337 
     3170.0000  -1.311343   0.305794  -1.005548 
     3175.0000  -1.313708   0.293948  -1.019760 
     3180.0000  -1.354448   0.341473  -1.012975 
     3185.0000  -1.322856   0.330589  -0.992267 
     3190.0000  -1.290543   0.253695  -1.036848 
     3195.0000  -1.356728   0.295958  -1.060770 
     3200.0000  -1.419268   0.391389  -1.027879 
     3205.0000  -1.408275   0.374636  -1.033638 
     3210.0000  -1.288082   0.250248  -1.037833 
     3215.0000  -1.335069   0.278702  -1.056367 
     3220.0000  -1.341413   0.286996  -1.054417 
     3225.0000  -1.374181   0.337791  -1.036390 
     3230.0000  -1.327518   0.298675  -1.028843 
     3235.0000  -1.343473   0.307285  -1.036188 
     3240.0000  -1.368266   0.361787  -1.006478 
     3245.0000  -1.330483   0.307472  -1.023011 
     3250.0000  -1.315428   0.269661  -1.045766 
     3255.0000  -1.329986   0.284771  -1.045215 
     3260.0000  -1.397679   0.337622  -1.060057 
     3265.0000  -1.361292   0.298514  -1.062779 
     3270.0000  -1.355023   0.241202  -1.113821 
     3275.0000  -1.412800   0.318266  -1.094535 
     3280.0000  -1.449715   0.332138  -1.117576 
     3285.0000  -1.436513   0.291917  -1.144596 
     3290.0000  -1.450093   0.336518  -1.113575 
     3295.0000  -1.375865   0.293020  -1.082845 
     3300.0000  -1.383489   0.297313  -1.086177 
     3305.0000  -1.381210   0.310786  -1.070424 
     3310.0000  -1.389806   0.335979  -1.053827 
     3315.0000  -1.369119   0.320075  -1.049044 
     3320.0000  -1.341231   0.260251  -1.080980 
     3325.0000  -1.348815   0.268737  -1.080078 
     3330.0000  -1.415090   0.341454  -1.073636 
     3335.0000  -1.426068   0.358075  -1.067993 
     3340.0000  -1.349120   0.283817  -1.065303 
     3345.0000  -1.283960   0.205062  -1.078898 
     3350.0000  -1.403361   0.330513  -1.072848 
     3355.0000  -1.309357   0.283740  -1.025617 
     3360.0000  -1.310788   0.264687  -1.046101 
     3365.0000  -1.364494   0.324338  -1.040156 
     3370.0000  -1.378568   0.334049  -1.044519 
     3375.0000  -1.345336   0.332680  -1.012656 
     3380.0000  -1.283102   0.244182  -1.038920 
     3385.0000  -1.345130   0.337474  -1.007656 
     3390.0000  -1.312101   0.312212  -0.999889 
     3395.0000  -1.301180   0.294652  -1.006528 
     3400.0000  -1.416957   0.414796  -1.002161 
     3405.0000  -1.325959   0.309830  -1.016129 
     3410.0000  -1.288210   0.276339  -1.011870 
     3415.0000  -1.367071   0.341272  -1.025800 
     3420.0000  -1.339577   0.322053  -1.017524 
     3425.0000  -1.341468   0.311590  -1.029878 
     3430.0000  -1.350913   0.287677  -1.063236 
     3435.0000  -1.404299   0.342611  -1.061689 
     3440.0000  -1.384220   0.310416  -1.073804 
     3445.0000  -1.392167   0.287384  -1.104783 
     3450.0000  -1.430662   0.275713  -1.154949 
     3455.0000  -1.414008   0.277453  -1.136555 
     3460.0000  -1.367256   0.243622  -1.123634 
     3465.0000  -1.429332   0.286923  -1.142408 
     3470.0000  -1.508138   0.343912  -1.164226 
     3475.0000  -1.467273   0.285761  -1.181512 
     3480.0000  -1.445080   0.280285  -1.164795 
     3485.0000  -1.380519   0.265357  -1.115162 
     3490.0000  -1.377576   0.272505  -1.105071 
     3495.0000  -1.331948   0.237795  -1.094153 
     3500.0000  -1.438831   0.320150  -1.118681 
     3505.0000  -1.363017   0.265599  -1.097418 
     3510.0000  -1.369806   0.269875  -1.099931 
     3515.0000  -1.394564   0.289074  -1.105490 
     3520.0000  -1.336637   0.213971  -1.122666 
     3525.0000  -1.413583   0.287028  -1.126555 
     3530.0000  -1.393875   0.270307  -1.123569 
     3535.0000  -1.452317   0.330748  -1.121569 
     3540.0000  -1.409297   0.263018  -1.146279 
     3545.0000  -1.488609   0.354405  -1.134204 
     3550.0000  -1.396392   0.297591  -1.098801 
     3555.0000  -1.402848   0.268159  -1.134689 
     3560.0000  -1.453878   0.311691  -1.142187 
     3565.0000  -1.384412   0.251979  -1.132434 
     3570.0000  -1.452103   0.332477  -1.119626 
     3575.0000  -1.465322   0.330923  -1.134399 
     3580.0000  -1.401416   0.292287  -1.109129 
     3585.0000  -1.453835   0.323307  -1.130527 
     3590.0000  -1.367908   0.243682  -1.124226 
     3595.0000  -1.480884   0.334330  -1.146555 
     3600.0000  -1.388842   0.267293  -1.121548 
     3605.0000  -1.347526   0.245576  -1.101950 
     3610.0000  -1.359578   0.253323  -1.106255 
     3615.0000  -1.353240   0.245485  -1.107755 
     3620.0000  -1.370781   0.322279  -1.048501 
     3625.0000  -1.412301   0.336390  -1.075911 
     3630.0000  -1.281117   0.213570  -1.067547 
     3635.0000  -1.345593   0.288727  -1.056865 
     3640.0000  -1.319073   0.265959  -1.053114 
     3645.0000  -1.385819   0.358218  -1.027602 
     3650.0000  -1.350974   0.321938  -1.029036 
     3655.0000  -1.376811   0.337591  -1.039220 
     3660.0000  -1.334502   0.319051  -1.015451 
     3665.0000  -1.376561   0.341247  -1.035314 
     3670.0000  -1.397832   0.369776  -1.028056 
     3675.0000  -1.366939   0.358284  -1.008655 
     3680.0000  -1.321636   0.279574  -1.042062 
     3685.0000  -1.443474   0.402381  -1.041093 
     3690.0000  -1.331866   0.263954  -1.067912 
     3695.0000  -1.397510   0.329697  -1.067813 
     3700.0000  -1.431885   0.369298  -1.062587 
     3705.0000  -1.345308   0.278100  -1.067207 
     3710.0000  -1.320819   0.293656  -1.027163 
     3715.0000  -1.312117   0.286348  -1.025768 
     3720.0000  -1.310063   0.276284  -1.033779 
     3725.0000  -1.392501   0.309493  -1.083009 
     3730.0000  -1.386308   0.323692  -1.062617 
     3735.0000  -1.332330   0.285402  -1.046928 
     3740.0000  -1.362300   0.312927  -1.049373 
     3745.0000  -1.334804   0.311914  -1.022889 
     3750.0000  -1.317641   0.303196  -1.014444 
     3755.0000  -1.420321   0.401446  -1.018875 
     3760.0000  -1.436363   0.397734  -1.038629 
     3765.0000  -1.343388   0.314005  -1.029383 
     3770.0000  -1.378109   0.349639  -1.028470 
     3775.0000  -1.401413   0.373305  -1.028108 
     3780.0000  -1.370925   0.318045  -1.052880 
     3785.0000  -1.330577   0.246299  -1.084278 
     3790.0000  -1.387178   0.302279  -1.084900 
     3795.0000  -1.419170   0.321387  -1.097783 
     3800.0000  -1.348626   0.259499  -1.089127 
     3805.0000  -1.381645   0.303281  -1.078364 
     3810.0000  -1.324552   0.245710  -1.078842 
     3815.0000  -1.387362   0.301002  -1.086360 
     3820.0000  -1.415427   0.357270  -1.058157 
     3825.0000  -1.447000   0.342351  -1.104649 
     3830.0000  -1.387721   0.324295  -1.063427 
     3835.0000  -1.349442   0.304851  -1.044591 
     3840.0000  -1.265166   0.253929  -1.011238 
     3845.0000  -1.357403   0.324680  -1.032723 
     3850.0000  -1.347282   0.311004  -1.036277 
     3855.0000  -1.389992   0.325146  -1.064845 
     3860.0000  -1.378485   0.313692  -1.064793 
     3865.0000  -1.380617   0.312521  -1.068096 
     3870.0000  -1.341199   0.265133  -1.076066 
     3875.0000  -1.376303   0.312336  -1.063967 
     3880.0000  -1.365764   0.298935  -1.066829 
     3885.0000  -1.416711   0.364989  -1.051722 
     3890.0000  -1.374866   0.291604  -1.083262 
     3895.0000  -1.364732   0.276906  -1.087826 
     3900.0000  -1.360045   0.258288  -1.101758 
     3905.0000  -1.413409   0.301993  -1.111416 
     3910.0000  -1.444788   0.285823  -1.158965 
     3915.0000  -1.360120   0.210552  -1.149568 
     3920.0000  -1.362239   0.221804  -1.140436 
     3925.0000  -1.405083   0.302449  -1.102634 
     3930.0000  -1.401034   0.283044  -1.117990 
     3935.0000  -1.425687   0.285633  -1.140054 
     3940.0000  -1.432372   0.308411  -1.123961 
     3945.0000  -1.375017   0.269957  -1.105060 
     3950.0000  -1.347948   0.211925  -1.136023 
     3955.0000  -1.451892   0.275562  -1.176329 
     3960.0000  -1.414212   0.260075  -1.154137 
     3965.0000  -1.438719   0.297567  -1.141153 
     3970.0000  -1.448353   0.285485  -1.162869 
     3975.0000  -1.354514   0.254359  -1.100155 
     3980.0000  -1.377085   0.266031  -1.111055 
     3985.0000  -1.388013   0.273311  -1.114703 
     3990.0000  -1.385938   0.292185  -1.093753 
     3995.0000  -1.377099   0.276945  -1.100154 
     4000.0000  -1.374369   0.275369  -1.099000 
     4005.0000  -1.376978   0.279838  -1.097140 
     4010.0000  -1.391117   0.316392  -1.074725 
     4015.0000  -1.378068   0.342337  -1.035732 
     4020.0000  -1.335356   0.354154  -0.981202 
     4025.0000  -1.295257   0.296436  -0.998821 
     4030.0000  -1.316641   0.395197  -0.921444 
     4035.0000  -1.330783   0.413775  -0.917008 
     4040.0000  -1.313048   0.410854  -0.902194 
     4045.0000  -1.273155   0.348527  -0.924628 
     4050.0000  -1.386986   0.454577  -0.932409 
     4055.0000  -1.335493   0.354007  -0.981486 
     4060.0000  -1.257191   0.273617  -0.983574 
     4065.0000  -1.297270   0.318049  -0.979221 
     4070.0000  -1.330295   0.349646  -0.980649 
     4075.0000  -1.359468   0.366824  -0.992644 
     4080.0000  -1.312211   0.350447  -0.961764 
     4085.0000  -1.283720   0.289318  -0.994403 
     4090.0000  -1.292283   0.290438  -1.001845 
     4095.0000  -1.382982   0.359507  -1.023475 
     4100.0000  -1.399246   0.359857  -1.039389 
     4105.0000  -1.414369   0.349342  -1.065027 
     4110.0000  -1.337161   0.296033  -1.041128 
     4115.0000  -1.377661   0.334829  -1.042832 
     4120.0000  -1.383580   0.350805  -1.032776 
     4125.0000  -1.331045   0.283488  -1.047557 
     4130.0000  -1.315797   0.268933  -1.046864 
     4135.0000  -1.375633   0.365295  -1.010338 
     4140.0000  -1.365355   0.348055  -1.017301 
     4145.0000  -1.353333   0.310064  -1.043269 
     4150.0000  -1.400257   0.378138  -1.022119 
     4155.0000  -1.404165   0.356658  -1.047507 
     4160.0000  -1.393753   0.323473  -1.070280 
     4165.0000  -1.460992   0.387155  -1.073837 
     4170.0000  -1.352901   0.296359  -1.056542 
     4175.0000  -1.338085   0.284810  -1.053275 
     4180.0000  -1.319357   0.231821  -1.087536 
     4185.0000  -1.411042   0.331566  -1.079476 
     4190.0000  -1.375038   0.294616  -1.080421 
     4195.0000  -1.344211   0.249471  -1.094739 
     4200.0000  -1.362261   0.277883  -1.084379 
     4205.0000  -1.449489   0.356583  -1.092906 
     4210.0000  -1.391050   0.293616  -1.097433 
     4215.0000  -1.380354   0.275626  -1.104729 
     4220.0000  -1.389649   0.246917  -1.142732 
     4225.0000  -1.446874   0.268819  -1.178054 
     4230.0000  -1.480086   0.279208  -1.200878 
     4235.0000  -1.406674   0.232628  -1.174046 
     4240.0000  -1.454556   0.275518  -1.179038 
     4245.0000  -1.451775   0.252016  -1.199759 
     4250.0000  -1.442989   0.218503  -1.224486 
     4255.0000  -1.454090   0.229572  -1.224518 
     4260.0000  -1.437401   0.220983  -1.216418 
     4265.0000  -1.457460   0.237209  -1.220251 
     4270.0000  -1.397920   0.253649  -1.144271 
     4275.0000  -1.417409   0.282532  -1.134878 
     4280.0000  -1.348983   0.223896  -1.125087 
     4285.0000  -1.379975   0.244173  -1.135802 
     4290.0000  -1.378220   0.265724  -1.112496 
     4295.0000  -1.449982   0.320199  -1.129783 
     4300.0000  -1.394387   0.269700  -1.124686 
     4305.0000  -1.447777   0.314434  -1.133342 
     4310.0000  -1.403291   0.246280  -1.157011 
     4315.0000  -1.462901   0.299438  -1.163464 
     4320.0000  -1.471803   0.283097  -1.188706 
     4325.0000  -1.459140   0.272963  -1.186178 
     4330.0000  -1.433276   0.267714  -1.165563 
     4335.0000  -1.460592   0.293875  -1.166717 
     4340.0000  -1.449538   0.284067  -1.165471 
     4345.0000  -1.466220   0.298572  -1.167648 
     4350.0000  -1.415652   0.257848  -1.157804 
     4355.0000  -1.399330   0.229493  -1.169838 
     4360.0000  -1.430055   0.236304  -1.193751 
     4365.0000  -1.492203   0.318339  -1.173864 
     4370.0000  -1.407136   0.223966  -1.183170 
     4375.0000  -1.463456   0.281870  -1.181585 
     4380.0000  -1.438634   0.246121  -1.192513 
     4385.0000  -1.465156   0.245462  -1.219694 
     4390.0000  -1.489247   0.304682  -1.184565 
     4395.0000  -1.427524   0.232970  -1.194554 
     4400.0000  -1.425422   0.228492  -1.196929 
     4405.0000  -1.481656   0.296537  -1.185120 
     4410.0000  -1.459272   0.266096  -1.193176 
     4415.0000  -1.487854   0.264709  -1.223145 
     4420.0000  -1.433984   0.215112  -1.218872 
     4425.0000  -1.490909   0.292759  -1.198150 
     4430.0000  -1.478827   0.292829  -1.185997 
     4435.0000  -1.463666   0.273158  -1.190508 
     4440.0000  -1.448146   0.226901  -1.221245 
     4445.0000  -1.454164   0.232353  -1.221811 
     4450.0000  -1.497911   0.278129  -1.219783 
     4455.0000  -1.456875   0.250862  -1.206012 
     4460.0000  -1.473121   0.254306  -1.218815 
     4465.0000  -1.541026   0.304471  -1.236555 
     4470.0000  -1.472882   0.227239  -1.245642 
     4475.0000  -1.464575   0.250042  -1.214533 
     4480.0000  -1.489775   0.278732  -1.211043 
     4485.0000  -1.465414   0.248727  -1.216687 
     4490.0000  -1.417373   0.208844  -1.208529 
     4495.0000  -1.445655   0.219763  -1.225893 
     4500.0000  -1.484155   0.253225  -1.230930 
     4505.0000  -1.502935   0.279665  -1.223270 
     4510.0000  -1.432317   0.181316  -1.251001 
     4515.0000  -1.461768   0.207737  -1.254031 
     4520.0000  -1.404605   0.193345  -1.211260 
     4525.0000  -1.443751   0.299465  -1.144286 
     4530.0000  -1.414994   0.291924  -1.123069 
     4535.0000  -1.396834   0.268161  -1.128673 
     4540.0000  -1.420072   0.270522  -1.149551 
     4545.0000  -1.405284   0.242896  -1.162388 
     4550.0000  -1.449029   0.307737  -1.141292 
     4555.0000  -1.430688   0.319080  -1.111608 
     4560.0000  -1.403095   0.305797  -1.097298 
     4565.0000  -1.377943   0.264588  -1.113356 
     4570.0000  -1.397101   0.281338  -1.115763 
     4575.0000  -1.444401   0.307221  -1.137180 
     4580.0000  -1.406197   0.272717  -1.133481 
     4585.0000  -1.442491   0.296728  -1.145763 
     4590.0000  -1.426053   0.269700  -1.156353 
     4595.0000  -1.377446   0.244117  -1.133329 
     4600.0000  -1.399114   0.281345  -1.117769 
     4605.0000  -1.441794   0.321573  -1.120221 
     4610.0000  -1.370002   0.269610  -1.100391 
     4615.0000  -1.367967   0.269358  -1.098609 
     4620.0000  -1.387313   0.278065  -1.109248 
     4625.0000  -1.360355   0.239831  -1.120524 
     4630.0000  -1.395586   0.297174  -1.098412 
     4635.0000  -1.408207   0.303724  -1.104483 
     4640.0000  -1.387988   0.270674  -1.117314 
     4645.0000  -1.411055   0.285064  -1.125991 
     4650.0000  -1.402095   0.276666  -1.125430 
     4655.0000  -1.410848   0.246424  -1.164423 
     4660.0000  -1.408229   0.231940  -1.176289 
     4665.0000  -1.397196   0.242208  -1.154988 
     4670.0000  -1.410332   0.279148  -1.131184 
     4675.0000  -1.361546   0.233083  -1.128463 
     4680.0000  -1.370650   0.253393  -1.117257 
     4685.0000  -1.391081   0.301648  -1.089434 
     4690.0000  -1.330329   0.249008  -1.081321 
     4695.0000  -1.265941   0.250052  -1.015889 
     4700.0000  -1.353549   0.359427  -0.994122 
     4705.0000  -1.295727   0.317401  -0.978327 
     4710.0000  -1.331856   0.347149  -0.984708 
     4715.0000  -1.394813   0.392676  -1.002137 
     4720.0000  -1.386745   0.370278  -1.016466 
     4725.0000  -1.317738   0.289076  -1.028662 
     4730.0000  -1.306895   0.279955  -1.026941 
     4735.0000  -1.403087   0.363114  -1.039973 
     4740.0000  -1.348788   0.292058  -1.056730 
     4745.0000  -1.363501   0.294946  -1.068555 
     4750.0000  -1.342445   0.265835  -1.076610 
     4755.0000  -1.387908   0.307352  -1.080556 
     4760.0000  -1.363338   0.277064  -1.086273 
     4765.0000  -1.412958   0.351368  -1.061590 
     4770.0000  -1.374630   0.314794  -1.059836 
     4775.0000  -1.345496   0.299245  -1.046251 
     4780.0000  -1.387688   0.331468  -1.056220 
     4785.0000  -1.376546   0.317913  -1.058633 
     4790.0000  -1.457813   0.407411  -1.050402 
     4795.0000  -1.328470   0.277850  -1.050621 
     4800.0000  -1.397906   0.361280  -1.036626 
     4805.0000  -1.422736   0.371975  -1.050760 
     4810.0000  -1.383651   0.384998  -0.998653 
     4815.0000  -1.297874   0.300026  -0.997848 
     4820.0000  -1.340992   0.282787  -1.058204 
     4825.0000  -1.258355   0.249256  -1.009099 
     4830.0000  -1.329401   0.321263  -1.008138 
     4835.0000  -1.298376   0.269403  -1.028973 
     4840.0000  -1.363334   0.334286  -1.029048 
     4845.0000  -1.326948   0.291436  -1.035512 
     4850.0000  -1.376535   0.348612  -1.027923 
     4855.0000  -1.318884   0.273328  -1.045556 
     4860.0000  -1.413535   0.334087  -1.079448 
     4865.0000  -1.440024   0.373264  -1.066760 
     4870.0000  -1.372184   0.284063  -1.088121 
     4875.0000  -1.340549   0.285560  -1.054989 
     4880.0000  -1.388083   0.321272  -1.066811 
     4885.0000  -1.355271   0.299884  -1.055387 
     4890.0000  -1.368456   0.333340  -1.035115 
     4895.0000  -1.384243   0.347788  -1.036455 
     4900.0000  -1.412442   0.385766  -1.026676 
     4905.0000  -1.339911   0.324674  -1.015238 
     4910.0000  -1.350148   0.341110  -1.009038 
     4915.0000  -1.309868   0.291855  -1.018013 
     4920.0000  -1.326765   0.284765  -1.042000 
     4925.0000  -1.384228   0.319406  -1.064822 
     4930.0000  -1.351203   0.320719  -1.030485 
     4935.0000  -1.391436   0.359226  -1.032210 
     4940.0000  -1.405026   0.321104  -1.083923 
     4945.0000  -1.297225   0.246248  -1.050977 
     4950.0000  -1.305944   0.259285  -1.046659 
     4955.0000  -1.355566   0.308854  -1.046712 
     4960.0000  -1.275103   0.258618  -1.016486 
     4965.0000  -1.407413   0.390294  -1.017119 
     4970.0000  -1.297407   0.300169  -0.997238 
     4975.0000  -1.277361   0.294604  -0.982757 
     4980.0000  -1.303097   0.311123  -0.991974 
     4985.0000  -1.356325   0.363480  -0.992845 
     4990.0000  -1.290913   0.307413  -0.983500 
     4995.0000  -1.298621   0.330256  -0.968365 
     5000.0000  -1.322896   0.346469  -0.976427 
