t = 1000000
b = 20 20 20
E = -0.976427326879055 -1.32289626749097 0.346468940611914
-47.5371854004972 31.4085774616003 48.5211607039551 0.00504460849310006 0.982969317975339 0.183700494948296 -0.713055163184065 -0.125257904685144 0.689828088418001 0.0114787763810904 -0.113220623562989 -0.403067124249779 -0.107920097073781 0.431166699718741 0.266221656316321
-47.6357497343929 31.3863282971052 49.0319320191538 -0.392498342226249 0.852395215555267 -0.345495944763663 -0.77254714616769 -0.101689784008975 0.626761593252463 0.351282338737322 -0.417031814983413 -0.0983900482081499 0.455252298154242 -0.290988852160868 0.0542124068903762
-47.8645003770001 31.448722620822 49.4921834083894 -0.537497328557236 0.446825146088873 -0.715153067962721 -0.804684081851438 -0.0181863145584966 0.593424625691997 0.587532218592007 -0.307983217375411 -0.0825695843289948 0.388694233891152 0.434573566620491 0.271186350783286
-48.2287648599146 31.601527420907 49.7790553564209 -0.424743140532448 0.0372636962187016 -0.904546671827802 -0.889928815688725 -0.200604718793763 0.409615001928079 -0.285822302335291 0.0543056909939355 -0.103763551281542 -0.31473829832002 -0.121440137359259 -0.633974249607274
-48.6811961621074 31.7395779935468 49.9378308583206 -0.252644395116893 -0.376313781800072 -0.891380248403198 -0.952919294237257 -0.0628802632001113 0.296632586157108 0.136496582090411 -0.21932599914937 0.470005898950612 -0.566525915717803 0.116357370884883 -0.0321838246750011
-49.0712034056354 31.9843323322267 49.7656837113071 -0.183344808498231 -0.926982254168895 -0.327243917671057 -0.982861901103147 0.179343834509792 0.0426412052272579 0.258872587218166 -0.376140571898682 -0.535812317527099 -0.102416198320113 0.551456511099378 0.277084485645005
-49.5321418868615 32.1158798942652 49.4911196713147 -0.0719299031280308 -0.989421348502651 0.125982078738159 -0.995996880325626 0.0645322431554769 -0.0618530837949259 -0.346172378030535 -0.396552178590137 0.282244798574618 0.413443556488211 -0.173808067450447 -0.738748479905599
-49.9261167406585 31.9889783840315 49.1866253160038 -0.0476431016699839 -0.524805907707752 0.849887577329088 -0.998747467631658 0.0380489484196367 -0.0324926672267716 -0.483508302755055 -0.314387026113483 0.257401151899088 0.382193488705967 0.119928453166038 0.0738623221556142
-49.8879670299269 31.1813657719258 50.0794877731334 -0.0662691604552038 0.62362945119755 -0.778906095734014 0.85137631531392 -0.371753189227165 -0.370078283639996 0.282208447590726 0.731040156526591 -0.451020970661302 -0.630168648563149 -0.206295659637113 0.191496857600531
-49.5753463092987 30.9221463955824 49.793664114941 0.00178827719147066 0.962163960586675 -0.272465254689199 0.935758792772772 -0.0976915036650871 -0.338838976300099 0.4368549347842 -0.421814781761989 -0.326162433089633 -0.179202104080026 -0.284638222065105 -0.155621965415224
-49.2701077822798 30.8942807989623 49.3264786688647 0.186677128333917 0.947549148472269 0.259426793116053 0.835429483793897 -0.0141655855476638 -0.549415065131959 -0.460193059529754 0.37489858335619 -0.0105486466021161 -0.100683958145168 0.174275278730081 0.525528209795288
-49.1529292671405 31.2296309143844 48.9257399080788 0.510377341032042 0.407358250861575 0.757346832842167 0.671598816257515 0.361232387717357 -0.646889628967354 0.576636056249427 0.35316160549264 0.24143290893065 0.214024849585204 -0.497430032860158 0.130374886454579
-48.7762043437875 31.607529560799 48.7043641423826 0.45971295364397 0.0943819270366055 0.883037967530725 0.795890997942539 0.397340490010778 -0.456812931507005 -0.291994846086125 0.368288289102249 0.411468686193279 0.322611850933621 0.261194616583478 -0.238167405892899
-48.5208344522783 32.0189552166817 48.6355249288271 0.593581086897781 -0.524040219810126 0.610772741122755 0.801054759068337 0.457614276545236 -0.385876206672489 0.180795693085179 0.573973618802491 -0.0478137542314109 0.0234425326180844 0.150386836422083 -0.0199569825495335
-48.1380810460943 32.4156381215405 48.6458808272783 0.40169565518575 -0.841828467188441 0.360507187773075 0.901662029307952 0.294729142778084 -0.316449549378036 0.356758768171621 -0.0570139467688941 0.141108233273552 0.134722208222245 -0.643785168548401 -0.0754495159405289
-47.6507282132198 32.5731224679788 48.7910215936264 0.108809152371762 -0.892350132016318 -0.438031745710967 0.987840054461013 0.146291587337868 -0.052638372663198 0.00204212043828686 -0.371313473540452 0.138977808451478 0.365302883420123 0.234516306578135 -0.220123072533239
