t = 100000
b = 20 20 20
E = -1.09284019124437 -1.32188309313904 0.229042901894665
-17.5969819103434 55.5398714705897 -3.62747607148034 -0.173244573353452 -0.746800726031559 -0.64208643764081 -0.328688463943963 -0.57072535513046 0.75248685216509 -0.02105152570076 0.283916406557347 0.024201362558806 -0.104287169836566 0.0805567175927374 -0.550754960664576
-18.0730444327234 55.2549809425895 -3.42327867235316 0.496009420726963 -0.752946307355162 -0.432488742963722 -0.4108961908986 -0.642311165199257 0.646993575984663 -0.185664434218893 0.448980633819279 0.211165827792414 0.0346932494963825 -0.175901516119213 -0.0843577379317962
-18.451637485433 54.9151600614359 -3.29328670379044 0.870666159023508 -0.468548012078426 -0.149676985233777 -0.310863552684796 -0.759986692214441 0.570774981292235 -0.416592309062087 -0.498364253919209 0.151418474722784 -0.696044932271826 -0.234298827831999 -0.343996389290073
-18.5804229608278 54.4574341417463 -3.20171871855529 0.948560855793134 -0.0497550916052413 0.312660732610253 -0.268643308527594 -0.649050841030816 0.711732940463303 -0.0268990704137174 -0.268903251804817 -0.0520332627908136 0.360533198562469 -0.051977374493445 -0.208878538231306
-18.4604775636519 53.9064830911962 -3.18533274927226 0.616866901358257 0.375560262564972 0.691686139221274 -0.106583563458391 -0.830859045806133 0.546180547074527 -0.024952115565168 -0.132647912711551 0.303044552190536 -0.0638461018401117 -0.391801519401426 -0.0128050426525219
-18.1531751937592 53.4717926938383 -3.04957859869025 0.0573193747223555 0.600811050761382 0.797333412421937 0.227531461304441 -0.785490157508727 0.575529883301944 0.217359474497833 -0.26092243468344 -0.23013742732 0.313902082897603 -0.618322217125534 0.203425706514886
-17.8782939009659 53.1055225127995 -2.7513173752805 -0.505963625304878 0.529535231855516 0.680876822995217 0.044475041598362 -0.772306096824074 0.633691773248789 -0.310320875939914 0.0274660682279727 -0.149423947304899 -0.126059489211636 -0.0591977213504049 0.115703468012878
-17.7362983307618 52.9840129043046 -2.29560686300661 -0.950508445143185 0.205773011310534 0.232789955813572 0.0272596658621462 -0.691125875375739 0.72222014303341 -0.588618557042776 -0.0149625459736073 0.300728588042028 0.105096231867242 0.189962704523793 -0.641591887118348
-18.7236916241035 53.2847945610318 -1.87746087207191 0.859114292745322 -0.456597506311942 -0.231173850663208 0.261648117684876 0.780066352594266 -0.568363218428342 0.214455766610478 -0.070008779368388 -0.066663217702553 -0.175711362901005 0.0616990247698674 -0.191393311717922
-18.5057196076756 53.8452605489004 -2.01050582229182 0.604287195675288 -0.648048427656508 -0.463540958875129 0.374090815953891 0.744429622702275 -0.553064732434 -0.225475582109952 0.0494393617741256 0.333720695995174 -0.713786254208744 -0.36225331363489 0.186078211410855
-18.0673514850631 54.1119894088477 -2.0296376504223 -0.0773367020248975 -0.523826894635861 -0.848306795314113 0.291676071339761 0.801742576141366 -0.521664557939352 -0.0803674873944585 -0.186983184736408 0.279271738130152 -0.0848034213721642 -0.106859673210008 0.481715264913951
-17.7141728625933 54.2975498010233 -2.36048157588723 -0.532111951217762 -0.404113761535924 -0.744008695586631 0.414238156198548 0.642130236705889 -0.645039153119599 -0.188203884554263 -0.312161934100134 -0.144663622990167 -0.224502925147198 -0.197942839650306 -0.304020303478736
-17.4605313505916 54.3530666677188 -2.82951385817214 -0.909785437408059 0.0899366690783827 -0.405218278752717 0.394576274022985 0.4904171787149 -0.777046044195244 0.053621049795279 -0.190916747189043 -0.165860645209649 -0.594369380769829 0.145013695182432 0.242327102368335
-17.4078448109755 54.3895803791554 -3.38674084563955 -0.870208666885004 0.492676158095984 -0.00266069952814652 0.333061992112133 0.584287202109049 -0.740052818967524 0.00370436842973563 -0.436451984354909 -0.258236995921714 -0.339462880727797 -0.10059578667366 -0.225170854353716
-17.4384105416884 54.4157680326728 -3.91856141853209 -0.606836741185489 0.66692595020347 0.432387495763462 0.00445863754086957 0.546850124604522 -0.837218646335185 -0.232922023041045 -0.00214213643158392 -0.109958830290091 -0.15556344867827 -0.242740599528688 0.0254099414458166
-17.6834668524121 54.5967106965002 -4.37822248308989 0.188721327888338 0.731758024797016 0.654915607956656 0.326866090951154 0.582066545390966 -0.744551606890326 0.0258861550767825 -0.104548815606516 -0.349438311932816 -0.56866532574932 0.180318996254573 0.0278184103109898
t = 200000
b = 20 20 20
E = -1.16163282325186 -1.44919224572752 0.287559422475662
-34.1510315195867 43.6841861531235 -16.1470347780241 0.725434285804802 -0.675123198733834 -0.133991654629333 -0.572693918463518 -0.484066056343565 -0.661590302869469 0.325510491704604 -0.0625620749436108 0.329426010766418 -0.261521776622124 -0.0904574619330182 0.482045542218008
-34.1413517192918 43.5642293083624 -16.644855918974 0.289946504499787 -0.899902884604555 0.325738887467807 -0.479778721647077 -0.431177434234927 -0.764132448245244 0.45825995999884 -0.164110692912832 0.227016970420443 0.100375427243549 -0.489477765354897 -0.465058323743532
-34.1029941658562 43.2067619586929 -17.1398600743804 -0.192167022543635 -0.715570688594357 0.671587987587193 -0.422074693138818 -0.557550165221634 -0.714836181703971 0.527651007832815 -0.316399035718254 -0.13452402126051 0.404741008985781 0.473882901819165 -0.102406286851306
-34.1664381504117 42.7847936874084 -17.4637788759043 -0.43901341802478 -0.359201863834819 0.823554029685863 -0.471107955180614 -0.688472513659894 -0.551418980903265 0.274229043770335 -0.53751507752324 0.235008495436324 -0.0551316796737818 0.0189629323042619 -0.10368534662306
-34.3832525179634 42.2805088556548 -17.6293750641843 -0.607922632752236 0.144688931797759 0.780701726399286 -0.675732656658872 -0.610568887562894 -0.413026645950283 0.0580731074265099 0.0793645112319221 -0.107197393280693 0.0455956146387664 0.662250084086737 0.121054555985809
-34.5126227690963 41.8463338173476 -17.4932212303221 -0.805675605560385 0.49960134675502 0.318253535605563 -0.588622448002053 -0.735467580914105 -0.335575701045915 -0.477953456727706 -0.187427323285591 -0.424287598515924 -0.38526842010899 -0.0295711766546217 -0.256460464364322
-34.8812773239447 41.4026958187694 -17.3190590133502 -0.622185182120279 0.734165906297997 -0.271819832204367 -0.572814588967653 -0.663594666231839 -0.481171035718592 -0.0417365959901326 0.186042645111885 0.0634207436930321 -0.14746862890798 0.0508666371307624 -0.366588271536779
-35.2956705509895 41.1184340720814 -17.378704007035 -0.128005671233127 0.744069434344182 -0.655724961402955 -0.556501653807615 -0.601156330960932 -0.573512837742087 -0.172795392972171 0.0744026071573835 -0.217126619499706 -0.196784771469409 0.00325313401884244 0.450126573833542
-35.3691577930244 42.0620356833538 -18.2029228644111 0.0376839399877095 -0.73865290954486 0.673031797085385 0.304242657400506 0.650016351113866 0.696358491513204 -0.428757453049882 -0.013213153186334 0.248064107752322 0.0720699746922734 -0.294109616785008 -0.13298044431999
-35.4981934190994 42.3022128964499 -17.7490455984981 0.536619796604087 -0.756378752258512 0.374072689492901 0.399267579321873 0.618138318207512 0.677119206392818 -0.538361701851503 0.288975425289657 0.256729909732916 -0.349251907388402 -0.0114904318104424 -0.315212389541777
-35.4475663856563 42.5446182101902 -17.2413640766228 0.707429522581291 -0.679465572851845 -0.194602173393721 0.607847181667955 0.444393588022637 0.658054817369103 0.157320426813803 -0.431828838775539 0.479157212303724 -0.032791798025427 -0.00904115099085414 -0.300034252490632
-35.1678345095704 42.4732435485364 -16.8248531053774 0.735045282231942 -0.171378025981956 -0.656001528412165 0.669533915798801 0.336047751640636 0.662416971561285 0.939580433062143 0.177604146241784 -0.117079304876985 0.638223622831277 -0.0809863314269216 -0.06657072444613
-34.7791882960914 42.4401145152277 -16.4838032129139 0.47403877372704 0.309399320412609 -0.824353869119063 0.734935176796308 0.376587315947821 0.563961239248427 0.316622588138416 0.408272929093452 0.291305804125611 0.0490825859937308 0.069053879038871 -0.362165099180294
-34.2488902714388 42.4187022163313 -16.2835901121963 0.140660269696698 0.600776478446436 -0.786944922770524 0.778960973939148 0.423448085420563 0.46250569729829 -0.0756968445881096 -0.185986974408185 -0.208141233101398 0.128248230098078 -0.411390771770655 -0.185211996668689
-33.7489899380888 42.5047865962389 -16.2433842227908 -0.315840572111397 0.879039499755236 -0.357119435033182 0.802184149353974 0.448398114140295 0.394258445389111 -0.273092628723452 0.672416581062313 -0.118533060125501 -0.425716227260937 0.140156044105382 -0.249179754013565
-33.3126257764506 42.8203688180711 -16.2893857132234 -0.707093042455235 0.688732315500632 0.160209946309694 0.695343471595536 0.636057069424413 0.334557709438489 -0.0709847095218078 0.240131405310165 0.472346203315841 -0.237614709985534 -0.0685410185880652 0.441059386384311
t = 300000
b = 20 20 20
E = -1.13251929751387 -1.438850755123 0.306331457609135
-40.4078201200491 41.921281431612 -32.8665856323792 -0.817065243986856 -0.0303443181820017 0.575746132790103 0.365610749566836 0.744875984188006 0.558111590975443 0.844105852337427 0.270757283071609 -0.333351955359415 -0.321948221628724 -0.956778835577957 -0.330733067300095
-40.4151919042763 42.3542305352326 -32.6076037831384 -0.477921567771521 -0.502980984164622 0.720139642449703 0.299205130235966 0.677586700584453 0.671827770512323 -0.554276277861618 0.289684653869952 -0.354712767576857 -0.0912317621667496 -0.328687901552013 -0.178047528416723
-40.6418874103467 42.7723530168072 -32.3709556955227 0.180102453281177 -0.664156953599333 0.725574701397269 0.194337799140597 0.747122425287179 0.635642117435761 -0.295603492987717 -0.272969610280624 0.00209804697788214 0.131901103450559 0.369671175352184 -0.447936851420277
-40.7569433577998 43.0545688758872 -31.9461563812176 0.664441179933705 -0.661128521200672 0.348463766930463 0.291310750457609 0.658509479929777 0.693904396520503 -0.469391662307486 -0.383913300945031 -0.0326028443631359 -0.222969861498001 -0.0156596902926301 0.434763863204623
-40.7164373498025 43.2869702152439 -31.4054742807209 0.761414608018938 -0.646956158937576 -0.0411767301774336 0.551985260270783 0.613712444921467 0.564508022434 0.131529164979204 -0.0957824088984543 -0.0316795403949739 0.227757620863725 -0.13578481987372 -0.21146908263059
-40.4766080739824 43.3671379590622 -30.9462515185477 0.746337160473652 -0.225644674864491 -0.626151198674414 0.604541160690746 0.623354857004743 0.495942241878296 0.549613256974422 0.196309238590815 -0.316354845503983 0.077023978085788 -0.334443155500052 -0.101310597250935
-40.0391434181347 43.4913232532936 -30.6297198291614 0.427975512349738 0.102286178001803 -0.897983573690931 0.576066445037412 0.734718554505631 0.358240277700748 0.711743639455272 0.197076140615477 -0.0403117809200617 0.079545932219674 0.233134890566423 -0.495459462476015
-39.6111704868677 43.6623613261137 -30.5275663066903 -0.168925544239505 0.455236538832156 -0.874198978617271 0.622843042764413 0.736713484656955 0.263286508588097 0.258417588070247 0.573124188309984 0.482890850682212 -0.0732728039737189 -0.0748989722280752 0.000394874421991621
-39.7376764006011 44.2298057946197 -31.5832785943476 0.113822231953057 -0.553331966604357 0.82514740152715 -0.407949295223184 -0.783327682293009 -0.469015047392258 0.159908599286885 0.247721943092806 -0.0538858044914478 0.0163111719600918 -0.195589523760516 0.0160914607323394
-39.7584717949232 43.6839312004826 -31.7840256172234 -0.0179694270688986 -0.167111271975935 0.985774275617573 -0.358538124143969 -0.919284837826942 -0.162375492229624 -0.719404897814424 0.0224466272074628 0.214530953248518 -0.272361094447712 0.0632684519973927 -0.0564014795498161
-39.6653333810919 43.1976479014142 -31.746369465839 -0.655600261596215 0.0927779194059165 0.749386785755927 -0.281808288307456 -0.950782545431853 -0.128827947058524 0.31518472490018 0.414099219272915 -0.116246468633814 0.185003400543848 -0.227291463845922 0.129642542046769
-39.683513122208 42.6919649955189 -31.5625332036945 -0.892242126040687 0.445825021409166 0.0717219548247628 -0.446637709251914 -0.847936599296042 -0.285514063135975 -0.427226971809637 0.42056392550379 0.137951933515088 -0.194641232323775 0.237067916782667 -0.115322226583591
-39.9942025562039 42.2326003266733 -31.4954176272309 -0.629217312452532 0.680810964599005 -0.374942667873126 -0.570366823007846 -0.732175091163571 -0.372291986338113 -0.128242150368671 0.569003876729154 0.577466751449025 0.438378322996032 -0.00883941168466808 0.0523066520955054
-40.4868274198205 41.9178861079362 -31.5590872217818 -0.148019064688982 0.765789578507366 -0.625824798116963 -0.594893440565307 -0.574456259553463 -0.562229312853964 -0.210921304956359 -0.177797192971976 0.454474365870831 -0.129918960515526 0.242406775493765 -0.0363651301847678
-40.9448008397491 41.7422345527124 -31.7132543064776 0.355980516126843 0.573715883547608 -0.737650294586267 -0.459908462757656 -0.579588134350583 -0.672727136663771 0.168631887900442 0.431324902982048 -0.185311781801688 0.620072896547447 0.363377253160897 -0.250606091410532
-41.3918521654567 41.8772277497598 -32.0397430880213 0.775930938063033 -0.0252050247030034 -0.63031411699756 -0.591163624699073 -0.377733593751773 -0.71263097110923 0.195182597618414 -0.14200698342035 0.109375176778678 0.0396232228192317 0.0865642701789401 -0.0364965813297655
t = 400000
b = 20 20 20
E = -1.0337982570961 -1.35167898822731 0.317880731131212
-30.4779568072455 25.3580147872353 -32.08626966981 -0.622106113953061 -0.0438611002899274 -0.781703388033797 0.495151142257399 -0.795441193726134 -0.349426177675234 0.587465223610733 0.0150458321950676 0.18330496434746 0.0500944907023972 -0.205033260111537 -0.0363005165696031
-30.4294942532875 24.7618858369223 -32.2374640141131 -0.228376087659844 0.482090071666249 -0.845833036352886 0.390276985597361 -0.750597957611012 -0.533185315385917 0.438645710758032 -0.00331471882248713 0.205039659700843 0.338946138410787 0.144324069236868 -0.180348571854797
-30.5188971370137 24.3730064739339 -32.5811138601618 0.41463645478525 0.710347259080827 -0.568755995027294 0.623661996929327 -0.676971679085845 -0.390838917332701 0.234765957683785 -0.669260225799013 -0.107853504822987 0.428674979362558 0.169276177934091 0.450600612716293
-30.3333614375074 24.0879743216432 -32.9710084288826 0.698647818807844 0.708240543061986 0.101422672210487 0.692543047603552 -0.633839322159107 -0.344429732893171 0.115598316250218 -0.425085421421764 -0.327439740281214 -0.979727890105162 -0.301480913120643 -0.198125009058998
-29.9276427945975 24.0442686198099 -33.3964314588914 0.563945327171924 0.560761885455002 0.606227495072523 0.812582453923053 -0.5076833297446 -0.286299480048116 0.293671158346244 0.258182692068565 0.0162651847769316 -0.103481014251987 -0.0316510167185019 0.0781631646712467
-29.4416252260981 24.073027724998 -33.7012589581358 0.390888781267984 0.172085949482136 0.90420815450292 0.807564519211652 -0.535473228344655 -0.247200260996107 0.222543564002488 0.644880881346976 0.0212372589172745 -0.257334327476493 -0.319018185935304 0.809890997923039
-28.8578486834704 23.9897383082452 -33.7298069057757 -0.154063957013515 -0.246798108580544 0.956741862129193 0.854454041858963 -0.519514650843813 0.00358021082010402 0.0180503978068545 0.338418868647467 0.0273739743877412 -0.0189431655163108 -0.231212669651917 0.201640413826455
-28.3967959623842 23.923604456918 -33.4850258284899 -0.397033040736071 -0.778098904345454 0.486751332427829 0.817175370533792 -0.541136507336721 -0.198483486014257 -0.0870546481224508 -0.0211871541586643 0.697119631273692 -0.364600900149219 -0.159807094073699 0.381049179269393
-28.7960395090615 23.2991636370996 -32.6610014924134 0.373993143941039 0.721146122724969 -0.583161553914331 -0.84479705366679 0.524353256232239 0.106637708126887 0.159815430952263 0.0074277902431536 0.302536644003257 -0.196498608764866 0.30498202335489 0.0761308336594335
-29.0185650772428 23.7487651779935 -32.5176108967876 0.240851074705762 0.253936593081272 -0.936753418198922 -0.697059523163083 0.716854179428645 0.0151031984486305 0.199464663556244 -0.292086185174107 0.488741234104488 0.0464830092329074 -0.343387030118935 0.656595861385749
-29.0555455396113 24.2188886916136 -32.5803197457138 -0.352091005499102 -0.10194268121105 -0.930397556743435 -0.593075183458334 0.793316744404926 0.137514980320836 -0.250408268410111 0.110431853917868 -0.281223437913403 0.342299465164857 -0.109595472373575 0.425776733225742
-29.1911515789356 24.6729452597379 -32.7066588188594 -0.625437084190576 -0.52200463494558 -0.579947941469308 -0.64401924769386 0.76498592405388 0.00597867871938528 0.239462364000228 0.234570062928235 -0.316818580989352 0.126551151273742 -0.122257557417961 -0.105442870899116
-29.5736397528196 24.9945437929889 -32.9915820071717 -0.61975630835961 -0.775165996986738 0.122555274729579 -0.768764068575681 0.631050686258606 0.103811551570566 -0.106719342917645 -0.379742487399857 0.39133017606834 0.212800372359794 0.213130018131599 0.153148019079008
-30.0007575003127 25.2408471474096 -33.268415068826 -0.349180086459151 -0.676901584855618 0.647979561128482 -0.807547869368036 0.568150008506429 0.158341423870224 -0.0813599447877222 0.0900576307466756 -0.0462469854096279 -0.256114886913387 0.188937076319434 -0.285235977327478
-30.5459547411494 25.3835505706007 -33.2483851760197 0.04792984186319 -0.436682911904863 0.89833777873875 -0.847800304042439 0.45775982116667 0.267750986162635 -0.219743428340302 0.523706759318325 -0.0821021197886837 0.193885188904354 0.783329639609729 0.42807895737522
-31.0445455479394 25.3406035676477 -33.1841720183599 0.408386128692704 0.069812333722228 0.910135708535633 -0.793149327434713 0.520659209384678 0.315955902101482 0.482547882961649 -0.690629957773345 -0.347643507362016 0.105473266164235 -0.178447105863043 0.0773333686238623
t = 500000
b = 20 20 20
E = -1.11393301868629 -1.36556125929745 0.251628240611154
-30.0629640842468 17.4713723850296 -13.9779646931345 0.330128342250717 -0.864769314494925 -0.378403634166959 -0.163674835245042 0.342363949714045 -0.92520131552204 -0.27963150987087 -0.333026335786717 -0.105617933683828 0.288974828176692 -0.295082016079927 -0.437303039660808
-29.9237136764652 17.7281406750192 -14.3655589927751 -0.31860231394894 -0.92519348842713 -0.206178501591126 -0.301264599340542 0.305071092328398 -0.903421977710194 -0.123623401697828 0.25424467009162 0.386056749355797 -0.129351836310167 0.356288569659198 -0.194633077732806
-29.75818063879 17.6988226856921 -14.8727714463148 -0.825758181419872 -0.562221478670942 0.0450603455292387 -0.143529103223799 0.132200941278315 -0.98077638004434 0.304580814628119 -0.792925571155043 -0.589387062225227 0.0891830964018607 0.500136513639554 -0.0279380483897889
-29.8772955780038 17.5793666323768 -15.4246598520425 -0.926390274562008 -0.0352996910851061 0.374906643054291 -0.373921212804828 0.203995523270695 -0.904747894775183 -0.0683392429054265 0.281910406238501 -0.391968996026572 0.455086435448667 0.262725489285907 0.136831981029375
-30.1444604472817 17.3451697945006 -15.9097072682235 -0.775498615722524 0.345386011717792 0.528498249686929 -0.470131059046723 0.242815495594542 -0.84853840362046 0.301285506267667 0.297522989548095 -0.360106256623851 0.135389465219646 -0.0500937591556671 -0.189802004062088
-30.6262130474615 17.1833796234322 -16.2474151886614 -0.271464557564113 0.842215546150483 0.465811085966161 -0.487720256179379 0.296861263475272 -0.820976456398244 0.0748545477161363 -0.0055491019727433 0.372535098617806 -0.181389674704402 -0.184510368556434 -0.0174178114295236
-31.1609054149087 17.2939433273605 -16.3748562489782 0.452726841137881 0.877773963790002 0.156688467366617 -0.438123803597669 0.372043541218446 -0.818309926714029 0.29128293667833 -0.216806511618879 -0.284931361195384 0.238700873830921 -0.102234512465485 0.362717492050414
-31.5045638430644 17.6216177120273 -16.6766511860699 0.787207972723002 0.616027529587067 0.0285252602476415 -0.311608730631065 0.437262079101987 -0.843624248806227 -0.473477816311336 -0.236819084642678 0.311242388154352 0.181336398527289 0.180824670180399 0.0800628499977479
-30.5049738095044 18.2617306336447 -16.7224673923371 -0.827838982336709 -0.560111595701513 0.0309454307505073 0.321737518493793 -0.428888061960881 0.844120844133644 0.0883143103812336 -0.165533078845257 0.289561814390413 0.347388365472682 -0.121348831168029 0.846847335590192
-30.5903831303233 18.2966308263471 -16.1794609880337 -0.492939831774505 -0.826292667880332 -0.272489906707164 0.0989750643233259 -0.364404942239992 0.925965968442251 -0.765197292622442 0.0330258025158064 -0.0542739090629328 0.202195776343341 -0.197122180742191 0.195818918584038
-30.8319803303469 18.2215417829356 -15.7685970058781 0.239577428966698 -0.889116528586563 -0.389967247501495 0.138454346171253 -0.366271201847758 0.920149879488829 -0.224384497712071 -0.206712633745496 0.122170101254231 0.319550261760655 0.016989487361204 0.0172646505383858
-31.0074964482803 17.8911604970895 -15.3109202052497 0.665147552361505 -0.562047568827168 -0.491610886741704 0.319908935013667 -0.380394371270236 0.867731753253491 -0.121486474721791 0.252443969271776 0.426476517376192 -0.0457170521075761 0.176450948356654 0.322846146629208
-30.9043873304908 17.4196309104919 -14.9724580630556 0.890364731248215 0.146460392259512 -0.43104523990931 0.441507650948989 -0.508665531111554 0.739141645161829 -0.342744146656113 -0.198757463658902 0.0178020719626247 0.244711428087155 -0.105630000506818 0.163566022609662
-30.6886750922204 16.9423010391362 -14.8102529004331 0.746194259914067 0.659779158141188 -0.0888008386997971 0.432716148126389 -0.379315814696664 0.817848548248208 0.29108207467638 0.299714027679954 0.346752706694412 -0.240555846809921 -0.258523869199411 -0.376758161890471
-30.3613673440549 16.6042898112165 -14.6929647686689 0.321570553064159 0.898898568724165 0.29761341123616 0.519575672184276 -0.430273023901583 0.738177651908291 0.332735207988984 0.411178601800091 -0.0550132651874487 -0.140352289644308 0.406721047516517 0.37100966400017
-29.8584043508122 16.5129077135251 -14.5684282822172 -0.342888113020629 0.71064170109198 0.614342017623944 0.565809971229895 -0.365806658215425 0.738948283212095 -0.0171480958884629 0.104482160797581 -0.148956213979698 -0.0452672887349597 -0.00389015867026698 0.187421126258666
t = 600000
b = 20 20 20
E = -1.01948543529636 -1.35933984986604 0.339854414569684
-21.330812683212 26.3241936634154 9.45892514693553 -0.155998245153019 0.402838514237145 0.901878971346165 0.189878776219031 0.908258227851536 -0.372844527761315 -0.243557172764371 0.375005378454319 0.504643869855091 -0.438655286492265 0.408649339545422 0.155337729138114
-21.5818165163163 26.8873329528323 9.37467733371373 0.155561983201155 0.211958127311235 0.964818232440303 -0.0310398570853502 0.977275095761046 -0.209690043820217 -0.764783864776953 -0.0129861054215549 0.414031964874931 -0.121702628835197 0.201289238269152 -0.347392317464809
-21.8479069692926 27.3079209516988 9.44011367187391 0.7261090531126 0.117635785960521 0.677441853482188 0.0730347508015091 0.966486544666762 -0.246109089944702 -0.462861748123541 -0.00663792249219378 0.127526679535488 -0.184982832799309 -0.149844244662781 0.295116467599921
-21.8531949011853 27.9080553806462 9.49343130886156 0.897222809188414 -0.192161192969151 0.397574278077306 0.238849599695485 0.968462514578768 -0.0709311397139093 -0.477172586152127 -0.341759038966698 -0.371350917755825 0.128793538018581 -0.277347626106666 0.0910146423954735
-21.7314680130556 28.4352669894656 9.70641059700813 0.901615025406764 -0.351106502774287 -0.25261545809849 0.352654846590458 0.934868290470566 -0.0406919973568466 -0.358991165206487 -0.666019526372873 -0.459417555973042 -0.35110883099225 -0.132974208605599 0.0766901285689961
-21.409167019834 28.807784582999 9.99826556377968 0.534884103304077 -0.30213286252753 -0.789059395364827 0.386931424529662 0.917790492382111 -0.0891329613808181 0.163639118150259 -0.0986542317382655 -0.0703656339558772 -0.465325639016885 0.249826317918361 -0.0822473127735987
-21.054211202209 29.2763671469502 9.91677924151145 0.152271769846035 -0.469879853371968 -0.869497689187875 0.479228651969143 0.804519306727094 -0.350839827036799 0.521970962141318 -0.453657747835919 -0.163026351352084 -0.136758179274794 -0.308889036574754 -0.264616710575069
-20.5553124514144 29.4895442851373 9.78719198725949 -0.53127439423227 -0.158973625815774 -0.832150770190165 0.450816423236999 0.778577722948011 -0.436556161185325 -0.145314501770073 -0.115427982225899 0.174803335297891 0.357924394521289 0.677556873039103 -0.307649662717834
-21.1456238375158 29.2605381942853 8.68851171446738 0.466198821982232 0.165187440014382 0.869121261990454 -0.285010780449452 -0.901991370130901 0.324315314527277 0.259969716856329 -0.183444981950543 0.173346709501527 -0.307405805235084 0.365046944310219 0.389623589816391
-20.9591606779221 28.7536920756871 8.83794794276996 0.13436847347015 0.374825354640616 0.917306419281896 -0.215513909851957 -0.892489184044226 0.396253468154329 -0.0879521350889987 0.0353379764610842 0.372027690529799 -0.272602293988286 -0.04460155272114 -0.40996793547036
-20.7690915557066 28.3185654342916 9.15685804237322 -0.547353657104219 0.522915461447546 0.653424359994157 -0.201246408356524 -0.840095859309001 0.503724955005706 -0.10359260051826 0.310346546590595 0.206778363053074 0.209797876051834 0.331372070050995 0.0184393105761023
-20.6948912123093 27.9424457413282 9.45220334893319 -0.853406040765198 0.455774069670494 0.252919210423983 -0.352506415595758 -0.862081215064123 0.364081317286957 -0.310611269881617 -0.591657092738982 -0.130463077344873 -0.199696042679379 0.0185063814984621 -0.0572067273188867
-20.7824093912192 27.7011484602233 9.93325126486669 -0.949835077040424 0.106554765573622 -0.294039807436302 -0.240020905259015 -0.851106892656729 0.466912221205363 -0.844839365314198 0.476540000220745 0.380449865130018 0.669198931305564 -0.541859700703141 -0.0747113859321883
-21.0217560948654 27.433490269131 10.2725961188221 -0.658765376793639 -0.130878490205907 -0.740877182223495 -0.235056398683814 -0.899652580780566 0.367931682969405 -0.361076535554006 -0.188001262590896 0.411973214303016 0.00382710079740438 0.19738431633511 0.864524155087451
-21.3651484678836 27.1851248817673 10.5104722253262 -0.126437399235658 -0.358928665409877 -0.924761481259674 -0.0923797558192774 -0.923931308528112 0.371237010326747 0.297836441503078 0.0864098527465572 0.481648952505093 0.166001014816796 0.0472735498706559 0.198161120094888
-21.6527857568389 26.7989711129475 10.5505295859208 0.389222781717176 -0.289848288927805 -0.874353244174212 -0.0969781803658011 -0.956822917103721 0.274016674379541 0.00269949922492956 0.0607823443476081 -0.22333626090943 -0.393928983993496 -0.179827487461094 -0.382715097917505
t = 700000
b = 20 20 20
E = -1.11868107092981 -1.43883119181474 0.320150120884932
-18.7742937822321 27.2600153911141 24.2072368892477 -0.168871798196208 -0.26017149931508 0.950680338872186 0.955617439411031 0.193020289406411 0.222572409276 0.248046877271833 0.440586944777639 -0.00804019993622359 -0.248720701972886 -0.301863619426455 0.24049632403866
-18.4150456647531 27.5765405680847 24.502219243747 -0.137026472146752 -0.703370389424715 0.697491104754413 0.824608755116988 0.309151581970655 0.473757005594051 0.318600394110245 0.0913534498557224 0.144632247208267 0.164690743807032 -0.373269023840721 -0.16842637793195
-18.1972425736293 27.7848362124611 24.880027010804 0.209233200291945 -0.961298617839232 0.179238487038792 0.942363241958803 0.247162277636849 0.225526780490176 -0.121152466627596 0.490017457688118 0.0259515661531394 0.267363679971069 -0.610573758276273 0.202395238085148
-17.8527893940302 27.8108917120221 25.3947480804687 0.270580508471016 -0.919034770739693 -0.286637887598584 0.943684655680166 0.194325280712615 0.267762872537897 0.226028195264734 0.395315840009272 0.337549028569164 -0.626847814713677 -0.104906372915027 0.286250611349812
-17.4666729225257 27.6870255014028 25.7630841846792 0.278804767535339 -0.519379739948208 -0.807782512394859 0.940126622238793 -0.0240909722088471 0.339972880118256 -0.112328991792389 0.178275992887378 -0.552462976565609 0.504040070908757 0.266769989683881 0.158460661914063
-17.0677570644557 27.4249681585061 25.9276712313173 0.225884989491954 0.190779607577197 -0.955290067390496 0.974153863080184 -0.0437627005910127 0.221605679265999 -0.104107706786581 0.112811506260578 -0.244445967998117 -0.0878208042955197 0.155440075171521 0.348110067954741
-16.6201257532314 27.1714838243791 25.9000027192631 0.160236890266 0.73192005601769 -0.662281790929578 0.984153884593571 -0.0668519898573454 0.164231369998212 -0.0308839561476408 -0.55670465144371 0.016197413790921 0.422202762446948 0.1469799831008 0.466200464679546
-16.1259112476689 26.9969707278896 25.6815571433214 -0.0415838108688628 0.99858537192048 -0.0331367116664672 0.991831450861961 0.0452598981232989 0.119255669479005 0.315060267330928 -0.580967714588076 -0.744686898550989 -0.334820618215636 -0.0268870956587338 -0.0663335971328432
-16.1032044564948 28.1888185309101 25.4220168799725 -0.0327554284915033 -0.974629670629694 0.221413836587799 -0.856774372570733 -0.0866916543762571 -0.508352467848389 0.237801262374312 0.392215561736963 0.0574490155962974 -0.250145494468666 -0.274161649317235 0.378971480916608
-16.4700789085531 27.9751209119969 25.0524820444789 -0.031210413798166 -0.76255643580192 0.646168393135683 -0.960834716721601 -0.155211867620445 -0.229577706435703 -0.577698573638939 -0.0578938767955422 -0.116227854392584 0.751487524259063 -0.239409549781595 -0.145015016890774
-16.8047563962491 27.6798618473779 24.7997236717012 -0.219725547392722 -0.199321454831715 0.954982534639639 -0.913361461606478 -0.301914338398588 -0.273164003341165 -0.468951847915777 0.26458066645183 0.264262153697349 0.19877962674969 0.223467597007838 -0.379713966268988
-17.1147351533784 27.1656172408126 24.718799565825 -0.337040317247932 0.434871896341244 0.835039075925204 -0.934083036310974 -0.265490477974411 -0.238754449971134 -0.285060603796778 0.508343005676423 -0.313763146571544 0.408325693588884 0.592715591718936 0.252921334142623
-17.5564878235176 26.8180741588281 24.8481044554458 -0.246003044279487 0.810812119958187 0.531099056988525 -0.94392538773949 -0.324885965032652 0.0587705037044981 -0.146299917900196 0.204363242417014 -0.454052884255599 -0.0420187244545671 -0.117541282797408 0.631393342799066
-17.9399585923754 26.6821580810419 25.1542131500914 -0.289192832834353 0.922170502266977 -0.256844447450022 -0.951827670260229 -0.305576924018414 -0.0254328455820516 0.374959060034628 -0.02706665709853 0.460234096430998 -0.321588405535408 -0.0196893463586861 0.0553843399842738
-18.5188478364448 26.6620366029385 25.2209224813174 0.0335497302855471 0.880393744771231 -0.473055250224981 -0.993388171957081 -0.0226216207115304 -0.112553107874225 0.104970364180138 0.375848418601059 -0.00882013097777089 -0.203237044197466 0.257085830524654 -0.201468584424823
-18.934898934515 26.8251835191607 25.3649367581213 0.0718250485617764 0.411323857901426 -0.908654965495792 -0.997377698220596 0.0377311847964922 -0.0617582770648816 0.0820466365043005 0.134599438078267 0.407039498240615 -0.373098313592897 -0.265629297808743 -0.430221964000147
t = 800000
b = 20 20 20
E = -1.09900030961931 -1.37436922094907 0.275368911329766
-12.1691159280894 16.9981755711214 22.5864960841864 0.589937667258667 0.805995057230306 -0.0484305324119078 0.807308493902195 -0.589891285478146 0.0167710163760559 -0.391815247568741 0.673784196916352 -0.0703511724003213 -0.374343299688153 0.0765703415846837 0.0137399066581736
-11.7184394962106 16.7972878452215 22.2543767312841 0.434265657851825 0.719543360179499 0.541913914964448 0.821046163438084 -0.563649918338572 0.090454226327275 -0.252467288006899 -0.256107053260775 -0.365100480202196 -0.400396909859772 0.390820863144874 -0.323607063683393
-11.2515487355007 16.7606507758387 22.077800859203 0.147833599998673 0.266864457778836 0.952327983357545 0.817163798348101 -0.575379118834128 0.034383081290019 -0.158280971549332 0.352011635652325 -0.198561524861577 0.118543246070287 0.256303785644325 0.291762315920844
-10.7140767210075 16.831917200389 22.1784008618667 -0.253312517358436 -0.294024740765925 0.921619346784255 0.88061256157364 -0.464446026808794 0.0938690821317033 -0.148441059569512 -0.193970477865251 -0.0120832197840146 0.195067746192192 0.333700097647085 -0.122208364076994
-10.2378282523396 16.8292386338695 22.338621143221 -0.481945670501415 -0.504165329237511 0.716621023609959 0.844995231149244 -0.483763966062032 0.227937457375975 0.0595000207640851 -0.0682552441890251 0.352014719107005 0.121790822719345 -0.256667873543656 -0.22607489440254
-9.82803238939399 16.7848807235906 22.7432180667343 -0.5699383988292 -0.821487743874554 -0.0181137573105459 0.789763878459849 -0.553747469510565 0.263887772150825 -0.425515328560038 -0.502479728288512 -0.134164903240227 -0.149867523704132 0.0410312954870403 0.41053728234332
-9.57154722553719 16.4542121985757 23.1326217396443 -0.402062180524501 -0.639140536821297 -0.655625943037432 0.749335431720649 -0.641170640965036 0.165519243390261 0.759136367100352 -0.0262873309848359 0.108396621164048 0.122485079945238 0.518304238972035 -0.0128515183483309
-9.38606959773895 16.012603738634 23.3472167855183 -0.158784065771903 -0.256666511770254 -0.953367674191177 0.743980387273225 -0.665903840819994 0.0553647734035564 -0.142461180600722 0.0205302465505424 -0.0721704407955241 -0.016063630412192 0.224088591067724 0.208910209635175
-9.69509650573498 15.5521742654646 22.3585979136762 0.224649945013023 0.395435728153462 0.890596983548341 -0.712161448398494 0.690446108453194 -0.12692613102441 0.00919712815939086 -0.0020849639131467 -0.0930601250282811 0.112118438583986 0.0216873297998279 0.276273057654717
-10.1931569057894 15.6855584158776 22.4250228854628 0.52905291972128 0.524101462013953 0.667398430960975 -0.638339427899114 0.764000758743033 -0.0939447466838186 0.561071754378775 0.214546683325982 -0.161093493157743 -0.0865385480513159 0.0984952819657695 0.582793451928613
-10.5671361243142 15.8294589637053 22.7613869787991 0.680870518743943 0.732287128997835 0.0130727735932722 -0.728907094111226 0.675769811276952 0.109679580237254 -0.351328146949248 -0.275357546789846 -0.0449746743514095 -0.316059083701391 -0.285708446045858 0.513593539190584
-10.7466525673772 16.0973473803797 23.1515734817058 0.387697497183056 0.697498764479054 -0.602649254731312 -0.791271171731059 0.58719360512148 0.17056846980557 -0.411422722180826 0.148007823741398 0.637037494642949 0.436336160549946 -0.279614212672911 0.151186305861162
-11.0529452096522 16.5795325372256 23.3023559964742 0.304636007977952 0.174396685292469 -0.936366754430273 -0.702758867562033 0.704732040648822 -0.097379283966723 -0.228317108246636 -0.436629395213833 0.144940536858666 0.367539780802034 0.467637036037784 -0.126039260702867
-11.1286118060613 17.1610936397422 23.2008596822007 0.00269546112811916 -0.241392997169148 -0.970423698910439 -0.600965532836785 0.775245537291427 -0.194511658396044 -0.0940023035842517 -0.0722124502477982 -0.0145771260992979 0.0241667715640477 0.151553832340722 -0.287878397025709
-11.1614527963872 17.5424921258092 22.9616548085971 -0.437067199681951 -0.523350215941746 -0.731489449299084 -0.687404248714624 0.718850655969903 -0.103581529534208 -0.0348408812595968 0.462435624793085 -0.105835897131447 -0.147818732400239 0.337325976984213 0.406240582661214
-11.4023276868752 17.9390182476157 22.6653234115628 -0.642070334869676 -0.762543403494532 -0.0792038058889221 -0.74143623771006 0.643909990850223 -0.188817978735052 -0.340533424328831 0.0712795817382191 0.328711600341917 -0.207850889579019 0.368533322283478 0.910324496518679
t = 900000
b = 20 20 20
E = -1.230930165685 -1.48415468650298 0.253224520817982
-23.1173177583603 31.561358567351 28.6927243447907 -0.608769584107942 0.195391024745097 -0.768909579153549 0.788342754193179 0.257674441386854 -0.55867663649653 0.218449806182622 -0.0685351103519906 -0.0112776054054805 0.353367210968785 0.41140877403834 -0.120597576205161
-22.7561319129945 31.4999818088295 28.2463525538915 -0.678746607702244 0.631549156825394 -0.374764866344038 0.711232211202116 0.438221634641156 -0.54964583204182 -0.171526698455755 -0.113593124045425 -0.0700559423029547 0.241957033364036 -0.549167466260428 0.228188768099461
-22.5727554964338 31.646110801682 27.7355582507765 -0.564316161303627 0.777961648195206 0.276266074697769 0.615021336421293 0.619400240449052 -0.487946818698711 0.115800415683356 0.287827162417213 0.0262953839562426 -0.434018759556561 0.392141301832095 0.700077190797826
-22.558409381069 32.0136252910237 27.3185856466452 -0.190718168052965 0.654159825175047 0.731916322745625 0.717695394854551 0.601609601509499 -0.350683914053891 0.304227406866641 -0.082509536575117 0.159256791905484 0.661894719645588 -0.430058954478612 0.0645281360888138
-22.442392293707 32.4541656204048 27.0703184365793 0.228358355873045 0.171211805796952 0.958404392132433 0.766659962799828 0.575127364815889 -0.285413762246448 -0.0662239214615331 -0.341304299597028 0.0958266653717041 0.022882684530691 -0.0764644404309051 0.55242679993583
-22.223239354559 32.9527300522604 27.0169213656391 0.340178425847829 -0.317119805512231 0.885276040305827 0.824778429551532 0.55281289753432 -0.11890518267162 -0.163489579857609 -0.47034300917422 0.206585122655972 0.156874890991449 0.13799051334211 -0.101358015574975
-21.9318722518515 33.3705054214959 27.1617482487461 0.471167811438224 -0.752116086944519 0.460784423807703 0.862628673636122 0.501924121093492 -0.0628008605454908 0.108133306668339 0.0562584493691068 -0.0755549193260223 0.462665493570062 -0.407406066777998 0.321847359904901
-21.5545465659495 33.6472977988701 27.4498588046047 0.377770534913599 -0.896121432748046 -0.232928746016163 0.925380717684913 0.373834523105786 0.0625961394275182 -0.136131529226977 -0.0740288459457723 0.0178310593891506 0.0113613655436353 0.127460020774576 -0.537927292041523
-21.0659567471018 32.5630768999663 27.3009200672049 -0.28006808090736 0.92137801106599 0.269489203458937 -0.898791655104362 -0.350292579568272 0.263569097987948 0.0775137963100647 0.378800978074128 -0.628465530774312 -0.343706835250154 -0.325373340990438 0.154108927090027
-21.3941250328815 32.4641363113741 27.7072428632349 -0.446723242434037 0.793130117754797 -0.413984252091199 -0.875066927864655 -0.48368145228098 0.0176103514137147 0.313843367194988 -0.211394524917783 -0.199722127136794 0.371362042962016 -0.23101146813724 0.587416066722497
-21.778984844178 32.5220697999008 28.0176402456726 -0.33928413924029 0.230104010020464 -0.912106582276713 -0.885891279872174 -0.404249775015988 0.227549466371365 0.021682834269595 -0.455353458506599 -0.228099989623144 0.0801308067409578 0.0986747628192391 -0.142941451969956
-22.2569771400973 32.7069286763401 28.2020533481894 -0.116695907645515 -0.252048017632485 -0.960652831123877 -0.915426721656125 -0.347851252864452 0.202468326309428 -0.011131028461092 0.140927868796308 0.353949320244833 0.020146982763642 0.35984534288707 0.147258113265712
-22.7931317112372 32.8017513870927 28.1475811524918 0.156596346791774 -0.658052632207097 -0.736508192362306 -0.871348019456515 -0.443138491108601 0.210667763759036 -0.413924296256112 0.080750446100166 0.115091353523287 0.398004125451921 0.215964401981104 -0.333773051582997
-23.290333850454 32.5677167081382 28.0542463137526 0.656837782856647 -0.729933406243487 -0.189106714480734 -0.693989193737366 -0.683285902057145 0.226934737371164 0.529045116066117 0.420214335321003 0.0486148717062131 0.105632627349008 -0.0110981731020839 0.280319979635618
-23.5958692609864 32.2229589533811 27.8046766422436 0.691067018023379 -0.579885980666403 0.43146103651071 -0.704783885409914 -0.673035995282055 0.224281572852623 0.221775015102419 0.0416142187356949 0.103803705962974 -0.268689776054324 0.482961085600624 0.270157816495659
-23.8774843243406 31.7811152971497 27.7917981003575 0.623033669755691 -0.17650377066557 0.762020646237111 -0.622799985628989 -0.70134142632471 0.346756948915708 0.270048832640198 0.417967271999388 -0.232611545835861 0.160000462860206 0.17025319771249 -0.15291919571968
t = 1000000
b = 20 20 20
E = -0.976427326879055 -1.32289626749097 0.346468940611914
-47.5371854004972 31.4085774616003 48.5211607039551 0.00504460849310006 0.982969317975339 0.183700494948296 -0.713055163184065 -0.125257904685144 0.689828088418001 0.0114787763810904 -0.113220623562989 -0.403067124249779 -0.107920097073781 0.431166699718741 0.266221656316321
-47.6357497343929 31.3863282971052 49.0319320191538 -0.392498342226249 0.852395215555267 -0.345495944763663 -0.77254714616769 -0.101689784008975 0.626761593252463 0.351282338737322 -0.417031814983413 -0.0983900482081499 0.455252298154242 -0.290988852160868 0.0542124068903762
-47.8645003770001 31.448722620822 49.4921834083894 -0.537497328557236 0.446825146088873 -0.715153067962721 -0.804684081851438 -0.0181863145584966 0.593424625691997 0.587532218592007 -0.307983217375411 -0.0825695843289948 0.388694233891152 0.434573566620491 0.271186350783286
-48.2287648599146 31.601527420907 49.7790553564209 -0.424743140532448 0.0372636962187016 -0.904546671827802 -0.889928815688725 -0.200604718793763 0.409615001928079 -0.285822302335291 0.0543056909939355 -0.103763551281542 -0.31473829832002 -0.121440137359259 -0.633974249607274
-48.6811961621074 31.7395779935468 49.9378308583206 -0.252644395116893 -0.376313781800072 -0.891380248403198 -0.952919294237257 -0.0628802632001113 0.296632586157108 0.136496582090411 -0.21932599914937 0.470005898950612 -0.566525915717803 0.116357370884883 -0.0321838246750011
-49.0712034056354 31.9843323322267 49.7656837113071 -0.183344808498231 -0.926982254168895 -0.327243917671057 -0.982861901103147 0.179343834509792 0.0426412052272579 0.258872587218166 -0.376140571898682 -0.535812317527099 -0.102416198320113 0.551456511099378 0.277084485645005
-49.5321418868615 32.1158798942652 49.4911196713147 -0.0719299031280308 -0.989421348502651 0.125982078738159 -0.995996880325626 0.0645322431554769 -0.0618530837949259 -0.346172378030535 -0.396552178590137 0.282244798574618 0.413443556488211 -0.173808067450447 -0.738748479905599
-49.9261167406585 31.9889783840315 49.1866253160038 -0.0476431016699839 -0.524805907707752 0.849887577329088 -0.998747467631658 0.0380489484196367 -0.0324926672267716 -0.483508302755055 -0.314387026113483 0.257401151899088 0.382193488705967 0.119928453166038 0.0738623221556142
-49.8879670299269 31.1813657719258 50.0794877731334 -0.0662691604552038 0.62362945119755 -0.778906095734014 0.85137631531392 -0.371753189227165 -0.370078283639996 0.282208447590726 0.731040156526591 -0.451020970661302 -0.630168648563149 -0.206295659637113 0.191496857600531
-49.5753463092987 30.9221463955824 49.793664114941 0.00178827719147066 0.962163960586675 -0.272465254689199 0.935758792772772 -0.0976915036650871 -0.338838976300099 0.4368549347842 -0.421814781761989 -0.326162433089633 -0.179202104080026 -0.284638222065105 -0.155621965415224
-49.2701077822798 30.8942807989623 49.3264786688647 0.186677128333917 0.947549148472269 0.259426793116053 0.835429483793897 -0.0141655855476638 -0.549415065131959 -0.460193059529754 0.37489858335619 -0.0105486466021161 -0.100683958145168 0.174275278730081 0.525528209795288
-49.1529292671405 31.2296309143844 48.9257399080788 0.510377341032042 0.407358250861575 0.757346832842167 0.671598816257515 0.361232387717357 -0.646889628967354 0.576636056249427 0.35316160549264 0.24143290893065 0.214024849585204 -0.497430032860158 0.130374886454579
-48.7762043437875 31.607529560799 48.7043641423826 0.45971295364397 0.0943819270366055 0.883037967530725 0.795890997942539 0.397340490010778 -0.456812931507005 -0.291994846086125 0.368288289102249 0.411468686193279 0.322611850933621 0.261194616583478 -0.238167405892899
-48.5208344522783 32.0189552166817 48.6355249288271 0.593581086897781 -0.524040219810126 0.610772741122755 0.801054759068337 0.457614276545236 -0.385876206672489 0.180795693085179 0.573973618802491 -0.0478137542314109 0.0234425326180844 0.150386836422083 -0.0199569825495335
-48.1380810460943 32.4156381215405 48.6458808272783 0.40169565518575 -0.841828467188441 0.360507187773075 0.901662029307952 0.294729142778084 -0.316449549378036 0.356758768171621 -0.0570139467688941 0.141108233273552 0.134722208222245 -0.643785168548401 -0.0754495159405289
-47.6507282132198 32.5731224679788 48.7910215936264 0.108809152371762 -0.892350132016318 -0.438031745710967 0.987840054461013 0.146291587337868 -0.052638372663198 0.00204212043828686 -0.371313473540452 0.138977808451478 0.365302883420123 0.234516306578135 -0.220123072533239
