t = 10000
b = 20 20 20
E = -1.11138324116079 -1.41823404168272 0.306850800521932
-11.1068079349556 42.8127232376448 2.58424976093839 -0.546244750301105 0.197149838002476 0.814093737934432 0.284662969287128 0.957753249892247 -0.0409353910139767 0.363168050630586 0.431968113470943 0.0215470375999894 -0.301969052366956 0.0540509169408377 -0.090608535638655
-11.1356198465141 43.3699420932836 2.54267642969724 -0.244082752812762 -0.183863049243822 0.952164895856856 0.283716903846014 0.925361724766993 0.25141677909056 0.0390133033823403 0.853364685188888 0.0250628735618055 -0.0206487150977268 -0.651777253721727 0.463273003636113
-11.429925821328 43.7368211878522 2.73485367855489 0.475216614963013 -0.168105320590287 0.863660679927206 0.130906377937363 0.984162538499412 0.119530824600717 -0.136814223801997 -0.00244064445378177 -0.324538000961352 -0.00893766254667657 0.214695641144447 -0.627250291443616
-11.6877748139758 44.1006762065121 2.99893083691085 0.934896059845339 -0.12556543567599 0.331967887978897 0.0935179082823465 0.989424300927458 0.110878102277685 -0.15795267120046 -0.358800515759092 -0.243045623488876 0.278994400056383 -0.0516741954692869 -0.252350069874789
-11.678737595441 44.5178023885382 3.35138250410674 0.949903425221511 -0.21067697751998 -0.230865098911697 0.249041861069938 0.956519754157534 0.151816044413102 0.283325669271715 0.195172997228927 0.559344587155093 0.0893561797580494 -0.0763692938019002 0.74596704370659
-11.4002457223487 44.9278162521651 3.61996261035844 0.696741334792798 -0.143953681564671 -0.702729570998074 0.28490413987839 0.954606476796917 0.0869258623053304 0.119109114039399 -0.166690307576595 0.226767930470895 0.848620318460331 -0.387409199893708 -0.415629043028213
-11.0005083034368 45.2294243415018 3.78286258323238 0.283818112918296 0.000801015203085595 -0.958877800949703 0.35031423274422 0.930788150699154 0.104467013238017 -0.056866371265246 0.352609760900291 0.0992684306837397 0.55996497049185 0.159484053414352 -0.0885453144266061
-10.5167337526419 45.3854446321077 3.7147260146773 -0.507838357121961 0.400146368478709 -0.762878159884635 0.471785935568802 0.87014642201003 0.142348991083937 -0.00547955748992693 -0.0133509146582914 -0.0518239008416425 -0.326657742788468 -0.196543053524332 -0.585285391449545
-10.9296345213215 45.7699296343019 2.69844412410276 0.155426287009074 -0.237013465690758 0.958992850019145 0.103404203914745 -0.961553686983226 -0.254405341260205 -0.229495971877662 0.220211497437379 -0.249284778555588 0.0448105664836351 0.137189901417597 0.550695523401204
-10.6853331703951 45.2664313227621 2.64404075860786 -0.350415436098944 -0.047003289595396 0.935414193237848 0.0613858271928569 -0.99774506904179 -0.0271395914237682 -0.0855480930752752 -0.0641657865669011 0.0114156587301255 0.028911769444841 0.111960287254328 -0.188465613374401
-10.5518809574203 44.741525426015 2.79901536620798 -0.703223436332565 0.118806721956539 0.700972011859647 -0.017225147643207 -0.988496692594432 0.15025838751481 -0.0984041404340337 -0.0133840010643468 0.292008563029361 0.216303298801942 0.333393508239395 0.501979291042453
-10.5289999597812 44.3045705857991 3.15684492561001 -0.974376912726683 0.150805262051816 0.166875417251025 -0.131904248636408 -0.984078028651659 0.119128933163727 -0.178823107767427 -0.538275910548922 0.0421155043911275 0.606049926264798 -0.264393196414502 -0.537653060599269
-10.64305372472 43.8508678719653 3.4917155020743 -0.926470066756863 0.287103013128812 -0.243362025089963 -0.321699274953068 -0.939696603642804 0.11610284060627 -0.113597588586501 -0.153897124685192 -0.182777522216304 0.31186696384513 0.0728552930305052 -0.370668565731609
-10.9525434267585 43.5546642113318 3.77920192501709 -0.42211985803165 0.143421431129774 -0.895122962809043 -0.399941604920202 -0.915582203867375 0.0419039451032955 0.499104377491441 0.056985202295088 -0.149140297570355 -0.0553297762904476 0.291941456403028 0.230850760885766
-11.3885779037293 43.1774804487663 3.70898982127055 0.214475266214815 0.145255476942135 -0.965868110354829 -0.478805469968362 -0.846274565336208 -0.233590843128265 -0.29916001226569 -0.0530320225310133 0.167499289242947 0.308906092133519 0.468433849870974 0.163430651988109
-11.847563894398 43.0009038123017 3.51972535789603 0.757749085779491 -0.18622370522975 -0.625409509530232 -0.458415574535218 -0.833998937657828 -0.307084569799845 0.196825376207621 0.460938529669701 0.0506660977479545 0.617323595910533 -0.099890647829733 -0.242026257766625
