        0.0000  -1.345520   0.305054  -1.040466 
        5.0000  -1.375144   0.348104  -1.027041 
       10.0000  -1.365413   0.332604  -1.032809 
       15.0000  -1.381817   0.308017  -1.073800 
       20.0000  -1.371065   0.314576  -1.056488 
       25.0000  -1.336759   0.285232  -1.051527 
       30.0000  -1.356431   0.300227  -1.056204 
       35.0000  -1.362298   0.300388  -1.061910 
       40.0000  -1.350206   0.291836  -1.058371 
       45.0000  -1.404529   0.348421  -1.056109 
       50.0000  -1.400386   0.376581  -1.023805 
       55.0000  -1.281855   0.255148  -1.026707 
       60.0000  -1.347519   0.317343  -1.030176 
       65.0000  -1.342807   0.300403  -1.042404 
       70.0000  -1.322702   0.306094  -1.016608 
       75.0000  -1.330617   0.296017  -1.034600 
       80.0000  -1.393044   0.347266  -1.045778 
       85.0000  -1.368971   0.360002  -1.008970 
       90.0000  -1.364790   0.303136  -1.061655 
       95.0000  -1.460159   0.343538  -1.116620 
      100.0000  -1.425571   0.316754  -1.108816 
      105.0000  -1.381793   0.246805  -1.134988 
      110.0000  -1.423194   0.263364  -1.159829 
      115.0000  -1.379650   0.208599  -1.171052 
      120.0000  -1.423028   0.224775  -1.198254 
      125.0000  -1.443819   0.267953  -1.175866 
      130.0000  -1.438267   0.322767  -1.115500 
      135.0000  -1.417506   0.267636  -1.149869 
      140.0000  -1.444460   0.300747  -1.143713 
      145.0000  -1.446656   0.318401  -1.128255 
      150.0000  -1.454696   0.373749  -1.080947 
      155.0000  -1.426062   0.341399  -1.084663 
      160.0000  -1.433261   0.349930  -1.083330 
      165.0000  -1.401350   0.319729  -1.081621 
      170.0000  -1.444832   0.342869  -1.101963 
      175.0000  -1.477060   0.392740  -1.084320 
      180.0000  -1.382365   0.300851  -1.081514 
      185.0000  -1.398045   0.323059  -1.074986 
      190.0000  -1.391995   0.326931  -1.065063 
      195.0000  -1.344052   0.306382  -1.037669 
      200.0000  -1.436537   0.393552  -1.042986 
      205.0000  -1.401654   0.358852  -1.042802 
      210.0000  -1.368716   0.333810  -1.034906 
      215.0000  -1.397079   0.403359  -0.993719 
      220.0000  -1.399222   0.373432  -1.025790 
      225.0000  -1.416710   0.387222  -1.029487 
      230.0000  -1.353437   0.324164  -1.029273 
      235.0000  -1.373415   0.330048  -1.043368 
      240.0000  -1.385347   0.358826  -1.026521 
      245.0000  -1.352137   0.349748  -1.002389 
      250.0000  -1.286251   0.276693  -1.009558 
      255.0000  -1.385179   0.347148  -1.038031 
      260.0000  -1.325942   0.276964  -1.048978 
      265.0000  -1.396018   0.331042  -1.064975 
      270.0000  -1.376039   0.328071  -1.047968 
      275.0000  -1.370172   0.344754  -1.025419 
      280.0000  -1.372369   0.320575  -1.051795 
      285.0000  -1.311239   0.278323  -1.032916 
      290.0000  -1.352697   0.313392  -1.039305 
      295.0000  -1.434434   0.355727  -1.078707 
      300.0000  -1.431624   0.354961  -1.076663 
      305.0000  -1.334957   0.297252  -1.037705 
      310.0000  -1.372567   0.333184  -1.039384 
      315.0000  -1.422838   0.379914  -1.042924 
      320.0000  -1.376340   0.309862  -1.066478 
      325.0000  -1.364518   0.266500  -1.098019 
      330.0000  -1.336317   0.254923  -1.081394 
      335.0000  -1.387044   0.301647  -1.085397 
      340.0000  -1.388014   0.301077  -1.086937 
      345.0000  -1.375268   0.290754  -1.084514 
      350.0000  -1.336871   0.280365  -1.056507 
      355.0000  -1.341477   0.291231  -1.050246 
      360.0000  -1.408261   0.345435  -1.062826 
      365.0000  -1.392285   0.324814  -1.067471 
      370.0000  -1.361798   0.294582  -1.067216 
      375.0000  -1.340534   0.291478  -1.049056 
      380.0000  -1.348239   0.305801  -1.042438 
      385.0000  -1.343738   0.279601  -1.064137 
      390.0000  -1.347049   0.290934  -1.056115 
      395.0000  -1.374465   0.335493  -1.038972 
      400.0000  -1.383526   0.328282  -1.055244 
      405.0000  -1.334000   0.270297  -1.063702 
      410.0000  -1.391590   0.305685  -1.085905 
      415.0000  -1.342039   0.264050  -1.077989 
      420.0000  -1.402103   0.336926  -1.065176 
      425.0000  -1.367908   0.319663  -1.048245 
      430.0000  -1.360430   0.298735  -1.061695 
      435.0000  -1.360952   0.319127  -1.041825 
      440.0000  -1.327089   0.263091  -1.063997 
      445.0000  -1.399558   0.323173  -1.076385 
      450.0000  -1.415725   0.333209  -1.082516 
      455.0000  -1.330284   0.258081  -1.072202 
      460.0000  -1.354642   0.269538  -1.085104 
      465.0000  -1.341955   0.230627  -1.111328 
      470.0000  -1.432671   0.332601  -1.100070 
      475.0000  -1.451337   0.351517  -1.099820 
      480.0000  -1.402087   0.304870  -1.097217 
      485.0000  -1.384623   0.282806  -1.101817 
      490.0000  -1.393920   0.304288  -1.089631 
      495.0000  -1.470635   0.409987  -1.060649 
      500.0000  -1.389728   0.322006  -1.067722 
      505.0000  -1.343757   0.287782  -1.055975 
      510.0000  -1.329418   0.298195  -1.031223 
      515.0000  -1.361354   0.325973  -1.035382 
      520.0000  -1.371517   0.314932  -1.056585 
      525.0000  -1.406612   0.335786  -1.070826 
      530.0000  -1.352172   0.296248  -1.055924 
      535.0000  -1.376695   0.328009  -1.048686 
      540.0000  -1.310503   0.242089  -1.068414 
      545.0000  -1.348169   0.292098  -1.056071 
      550.0000  -1.354333   0.317102  -1.037231 
      555.0000  -1.330950   0.303767  -1.027183 
      560.0000  -1.364914   0.300277  -1.064637 
      565.0000  -1.339512   0.272877  -1.066635 
      570.0000  -1.393587   0.315199  -1.078388 
      575.0000  -1.391751   0.308631  -1.083120 
      580.0000  -1.371266   0.282590  -1.088676 
      585.0000  -1.357287   0.278102  -1.079185 
      590.0000  -1.423046   0.336465  -1.086581 
      595.0000  -1.349990   0.267351  -1.082639 
      600.0000  -1.401619   0.265948  -1.135671 
      605.0000  -1.470726   0.323502  -1.147224 
      610.0000  -1.391351   0.253068  -1.138283 
      615.0000  -1.434440   0.308747  -1.125693 
      620.0000  -1.395109   0.269158  -1.125951 
      625.0000  -1.417840   0.289604  -1.128236 
      630.0000  -1.449644   0.301652  -1.147992 
      635.0000  -1.377631   0.231858  -1.145773 
      640.0000  -1.370134   0.224274  -1.145860 
      645.0000  -1.403420   0.279988  -1.123432 
      650.0000  -1.390816   0.256605  -1.134211 
      655.0000  -1.422010   0.288909  -1.133101 
      660.0000  -1.413691   0.317045  -1.096646 
      665.0000  -1.397101   0.310212  -1.086890 
      670.0000  -1.312790   0.209566  -1.103224 
      675.0000  -1.377903   0.266039  -1.111864 
      680.0000  -1.408676   0.312898  -1.095778 
      685.0000  -1.370787   0.275507  -1.095280 
      690.0000  -1.434338   0.319591  -1.114747 
      695.0000  -1.384832   0.274681  -1.110151 
      700.0000  -1.414064   0.263743  -1.150320 
      705.0000  -1.388932   0.264709  -1.124223 
      710.0000  -1.447689   0.325330  -1.122360 
      715.0000  -1.371229   0.230734  -1.140494 
      720.0000  -1.442801   0.310654  -1.132147 
      725.0000  -1.381038   0.294963  -1.086075 
      730.0000  -1.358629   0.283724  -1.074905 
      735.0000  -1.335273   0.247251  -1.088022 
      740.0000  -1.322824   0.275606  -1.047218 
      745.0000  -1.316921   0.300057  -1.016865 
      750.0000  -1.309843   0.303944  -1.005899 
      755.0000  -1.358545   0.315339  -1.043206 
      760.0000  -1.318045   0.273006  -1.045039 
      765.0000  -1.342090   0.261680  -1.080410 
      770.0000  -1.388375   0.305668  -1.082707 
      775.0000  -1.378924   0.277046  -1.101878 
      780.0000  -1.435519   0.315867  -1.119652 
      785.0000  -1.404184   0.289258  -1.114926 
      790.0000  -1.394292   0.270607  -1.123685 
      795.0000  -1.412653   0.287621  -1.125031 
      800.0000  -1.395147   0.280551  -1.114596 
      805.0000  -1.429967   0.300545  -1.129422 
      810.0000  -1.406487   0.278643  -1.127844 
      815.0000  -1.373202   0.249000  -1.124202 
      820.0000  -1.425515   0.282361  -1.143154 
      825.0000  -1.434375   0.291452  -1.142922 
      830.0000  -1.389512   0.256307  -1.133205 
      835.0000  -1.365380   0.243312  -1.122069 
      840.0000  -1.406422   0.272110  -1.134312 
      845.0000  -1.459606   0.303852  -1.155753 
      850.0000  -1.436108   0.287424  -1.148684 
      855.0000  -1.384028   0.254348  -1.129679 
      860.0000  -1.380693   0.263217  -1.117476 
      865.0000  -1.394001   0.278713  -1.115288 
      870.0000  -1.440606   0.324746  -1.115861 
      875.0000  -1.348783   0.249725  -1.099058 
      880.0000  -1.379498   0.320793  -1.058705 
      885.0000  -1.340463   0.304625  -1.035838 
      890.0000  -1.339137   0.328515  -1.010622 
      895.0000  -1.307602   0.295849  -1.011753 
      900.0000  -1.376461   0.368059  -1.008402 
      905.0000  -1.300432   0.270972  -1.029460 
      910.0000  -1.350448   0.328132  -1.022316 
      915.0000  -1.381476   0.356942  -1.024534 
      920.0000  -1.370386   0.350881  -1.019505 
      925.0000  -1.391510   0.370849  -1.020661 
      930.0000  -1.366004   0.362801  -1.003203 
      935.0000  -1.284094   0.245353  -1.038742 
      940.0000  -1.442038   0.420922  -1.021116 
      945.0000  -1.405047   0.372582  -1.032465 
      950.0000  -1.331982   0.307753  -1.024230 
      955.0000  -1.329008   0.276019  -1.052989 
      960.0000  -1.378867   0.358087  -1.020781 
      965.0000  -1.296116   0.270041  -1.026074 
      970.0000  -1.297729   0.289001  -1.008728 
      975.0000  -1.361181   0.335991  -1.025190 
      980.0000  -1.284737   0.286793  -0.997945 
      985.0000  -1.367684   0.361695  -1.005989 
      990.0000  -1.372105   0.336599  -1.035505 
      995.0000  -1.378992   0.354758  -1.024234 
     1000.0000  -1.372426   0.325639  -1.046787 
     1005.0000  -1.331768   0.301380  -1.030388 
     1010.0000  -1.330270   0.285393  -1.044877 
     1015.0000  -1.387271   0.343259  -1.044011 
     1020.0000  -1.442361   0.372534  -1.069826 
     1025.0000  -1.374483   0.301474  -1.073009 
     1030.0000  -1.387620   0.300362  -1.087258 
     1035.0000  -1.353040   0.293512  -1.059528 
     1040.0000  -1.354583   0.309272  -1.045311 
     1045.0000  -1.356397   0.310778  -1.045619 
     1050.0000  -1.378518   0.374306  -1.004212 
     1055.0000  -1.260417   0.289487  -0.970929 
     1060.0000  -1.277977   0.317556  -0.960421 
     1065.0000  -1.296872   0.297938  -0.998934 
     1070.0000  -1.335959   0.320271  -1.015688 
     1075.0000  -1.398673   0.362300  -1.036373 
     1080.0000  -1.339523   0.311852  -1.027671 
     1085.0000  -1.340814   0.279548  -1.061266 
     1090.0000  -1.383293   0.312173  -1.071120 
     1095.0000  -1.326335   0.249980  -1.076355 
     1100.0000  -1.431927   0.352869  -1.079058 
     1105.0000  -1.400456   0.298119  -1.102337 
     1110.0000  -1.395597   0.287121  -1.108476 
     1115.0000  -1.437511   0.331239  -1.106272 
     1120.0000  -1.395820   0.298264  -1.097556 
     1125.0000  -1.442967   0.355012  -1.087956 
     1130.0000  -1.413893   0.320497  -1.093396 
     1135.0000  -1.360355   0.267409  -1.092946 
     1140.0000  -1.432452   0.345858  -1.086594 
     1145.0000  -1.423623   0.345629  -1.077995 
     1150.0000  -1.304326   0.210979  -1.093347 
     1155.0000  -1.344676   0.251801  -1.092874 
     1160.0000  -1.407798   0.287920  -1.119878 
     1165.0000  -1.444076   0.337172  -1.106904 
     1170.0000  -1.419780   0.308065  -1.111715 
     1175.0000  -1.399365   0.281167  -1.118198 
     1180.0000  -1.384350   0.275309  -1.109041 
     1185.0000  -1.385302   0.320419  -1.064883 
     1190.0000  -1.347175   0.267830  -1.079345 
     1195.0000  -1.342191   0.309402  -1.032789 
     1200.0000  -1.322123   0.327909  -0.994214 
     1205.0000  -1.372674   0.359727  -1.012947 
     1210.0000  -1.327375   0.386671  -0.940705 
     1215.0000  -1.364650   0.361070  -1.003580 
     1220.0000  -1.386008   0.360672  -1.025337 
     1225.0000  -1.342756   0.307795  -1.034962 
     1230.0000  -1.387583   0.299427  -1.088156 
     1235.0000  -1.407679   0.304268  -1.103411 
     1240.0000  -1.412077   0.357617  -1.054460 
     1245.0000  -1.378963   0.341078  -1.037886 
     1250.0000  -1.313572   0.248405  -1.065166 
     1255.0000  -1.358555   0.301050  -1.057505 
     1260.0000  -1.279799   0.256416  -1.023384 
     1265.0000  -1.332785   0.321669  -1.011115 
     1270.0000  -1.291629   0.297837  -0.993792 
     1275.0000  -1.290134   0.296103  -0.994031 
     1280.0000  -1.318110   0.326238  -0.991872 
     1285.0000  -1.391050   0.370441  -1.020609 
     1290.0000  -1.398350   0.387422  -1.010928 
     1295.0000  -1.344575   0.353650  -0.990925 
     1300.0000  -1.329677   0.352056  -0.977622 
     1305.0000  -1.344829   0.352862  -0.991967 
     1310.0000  -1.347846   0.365630  -0.982216 
     1315.0000  -1.332635   0.388758  -0.943877 
     1320.0000  -1.273997   0.307672  -0.966325 
     1325.0000  -1.266820   0.321332  -0.945488 
     1330.0000  -1.292868   0.379692  -0.913176 
     1335.0000  -1.297744   0.393692  -0.904052 
     1340.0000  -1.270185   0.339257  -0.930928 
     1345.0000  -1.336897   0.369225  -0.967671 
     1350.0000  -1.241878   0.276490  -0.965388 
     1355.0000  -1.296819   0.321270  -0.975549 
     1360.0000  -1.324306   0.341746  -0.982561 
     1365.0000  -1.363625   0.376063  -0.987562 
     1370.0000  -1.380841   0.376249  -1.004592 
     1375.0000  -1.281818   0.270495  -1.011323 
     1380.0000  -1.273634   0.237914  -1.035720 
     1385.0000  -1.355315   0.298488  -1.056827 
     1390.0000  -1.373285   0.287651  -1.085634 
     1395.0000  -1.340710   0.291263  -1.049447 
     1400.0000  -1.399863   0.348199  -1.051664 
     1405.0000  -1.362977   0.301579  -1.061398 
     1410.0000  -1.385151   0.321357  -1.063795 
     1415.0000  -1.383630   0.339047  -1.044583 
     1420.0000  -1.301935   0.282520  -1.019415 
     1425.0000  -1.292985   0.264030  -1.028955 
     1430.0000  -1.299952   0.266716  -1.033236 
     1435.0000  -1.402474   0.340200  -1.062274 
     1440.0000  -1.317064   0.270380  -1.046684 
     1445.0000  -1.399882   0.314185  -1.085697 
     1450.0000  -1.452450   0.313074  -1.139376 
     1455.0000  -1.441600   0.340579  -1.101021 
     1460.0000  -1.338514   0.233266  -1.105248 
     1465.0000  -1.409795   0.321263  -1.088533 
     1470.0000  -1.427786   0.315566  -1.112220 
     1475.0000  -1.429526   0.293542  -1.135985 
     1480.0000  -1.413369   0.266891  -1.146479 
     1485.0000  -1.378889   0.202898  -1.175991 
     1490.0000  -1.448952   0.246508  -1.202444 
     1495.0000  -1.470502   0.270178  -1.200324 
     1500.0000  -1.454991   0.261636  -1.193355 
     1505.0000  -1.445866   0.283166  -1.162700 
     1510.0000  -1.400679   0.267149  -1.133530 
     1515.0000  -1.389298   0.255668  -1.133630 
     1520.0000  -1.408022   0.297736  -1.110286 
     1525.0000  -1.411552   0.304734  -1.106818 
     1530.0000  -1.353879   0.254788  -1.099091 
     1535.0000  -1.426110   0.317139  -1.108970 
     1540.0000  -1.428857   0.317625  -1.111232 
     1545.0000  -1.370399   0.231820  -1.138580 
     1550.0000  -1.439566   0.280062  -1.159504 
     1555.0000  -1.421442   0.289379  -1.132062 
     1560.0000  -1.384526   0.286859  -1.097667 
     1565.0000  -1.351876   0.263076  -1.088800 
     1570.0000  -1.428063   0.329654  -1.098410 
     1575.0000  -1.403710   0.294865  -1.108845 
     1580.0000  -1.414511   0.308660  -1.105852 
     1585.0000  -1.411321   0.295611  -1.115709 
     1590.0000  -1.399656   0.299454  -1.100202 
     1595.0000  -1.341393   0.277682  -1.063711 
     1600.0000  -1.381532   0.324756  -1.056776 
     1605.0000  -1.400305   0.317889  -1.082416 
     1610.0000  -1.375487   0.308429  -1.067058 
     1615.0000  -1.389798   0.302189  -1.087609 
     1620.0000  -1.400873   0.286419  -1.114454 
     1625.0000  -1.394770   0.264040  -1.130730 
     1630.0000  -1.372334   0.265768  -1.106567 
     1635.0000  -1.426917   0.320278  -1.106638 
     1640.0000  -1.461603   0.310528  -1.151075 
     1645.0000  -1.433134   0.282107  -1.151027 
     1650.0000  -1.447437   0.286443  -1.160994 
     1655.0000  -1.448157   0.272107  -1.176051 
     1660.0000  -1.460134   0.292397  -1.167736 
     1665.0000  -1.403767   0.294127  -1.109641 
     1670.0000  -1.380496   0.294758  -1.085739 
     1675.0000  -1.360053   0.277698  -1.082356 
     1680.0000  -1.314821   0.238621  -1.076200 
     1685.0000  -1.352345   0.268963  -1.083382 
     1690.0000  -1.372906   0.265954  -1.106952 
     1695.0000  -1.329345   0.250655  -1.078690 
     1700.0000  -1.449994   0.376349  -1.073645 
     1705.0000  -1.382935   0.295009  -1.087926 
     1710.0000  -1.359269   0.281600  -1.077669 
     1715.0000  -1.420980   0.344100  -1.076879 
     1720.0000  -1.367819   0.274494  -1.093325 
     1725.0000  -1.336665   0.272123  -1.064541 
     1730.0000  -1.303870   0.294337  -1.009533 
     1735.0000  -1.340725   0.301310  -1.039415 
     1740.0000  -1.322715   0.270709  -1.052006 
     1745.0000  -1.327949   0.289630  -1.038320 
     1750.0000  -1.364596   0.305767  -1.058830 
     1755.0000  -1.348766   0.276010  -1.072755 
     1760.0000  -1.402897   0.325335  -1.077562 
     1765.0000  -1.361672   0.279101  -1.082571 
     1770.0000  -1.385243   0.302464  -1.082779 
     1775.0000  -1.304176   0.271504  -1.032672 
     1780.0000  -1.362058   0.294691  -1.067367 
     1785.0000  -1.388043   0.308878  -1.079165 
     1790.0000  -1.377956   0.300008  -1.077948 
     1795.0000  -1.329133   0.267510  -1.061623 
     1800.0000  -1.399315   0.320479  -1.078835 
     1805.0000  -1.411843   0.311723  -1.100120 
     1810.0000  -1.394773   0.312198  -1.082576 
     1815.0000  -1.435646   0.352100  -1.083547 
     1820.0000  -1.392481   0.328581  -1.063899 
     1825.0000  -1.310096   0.236251  -1.073846 
     1830.0000  -1.369158   0.277280  -1.091878 
     1835.0000  -1.439006   0.371434  -1.067572 
     1840.0000  -1.385950   0.300912  -1.085038 
     1845.0000  -1.330076   0.275861  -1.054216 
     1850.0000  -1.421080   0.352460  -1.068619 
     1855.0000  -1.412797   0.269375  -1.143422 
     1860.0000  -1.405644   0.267918  -1.137727 
     1865.0000  -1.399050   0.305364  -1.093686 
     1870.0000  -1.313867   0.231476  -1.082392 
     1875.0000  -1.444139   0.338709  -1.105430 
     1880.0000  -1.397941   0.310283  -1.087658 
     1885.0000  -1.366959   0.285049  -1.081910 
     1890.0000  -1.363869   0.308783  -1.055086 
     1895.0000  -1.397574   0.335772  -1.061801 
     1900.0000  -1.312733   0.243317  -1.069416 
     1905.0000  -1.345029   0.298088  -1.046941 
     1910.0000  -1.392129   0.326150  -1.065979 
     1915.0000  -1.363505   0.314623  -1.048882 
     1920.0000  -1.385291   0.315900  -1.069392 
     1925.0000  -1.415943   0.320156  -1.095787 
     1930.0000  -1.383809   0.259157  -1.124651 
     1935.0000  -1.443076   0.294654  -1.148422 
     1940.0000  -1.388137   0.254506  -1.133631 
     1945.0000  -1.436699   0.327503  -1.109196 
     1950.0000  -1.391441   0.281722  -1.109719 
     1955.0000  -1.375065   0.264198  -1.110867 
     1960.0000  -1.350924   0.242674  -1.108249 
     1965.0000  -1.362398   0.238672  -1.123726 
     1970.0000  -1.400031   0.262104  -1.137927 
     1975.0000  -1.392076   0.240873  -1.151203 
     1980.0000  -1.491446   0.341788  -1.149658 
     1985.0000  -1.421921   0.259512  -1.162409 
     1990.0000  -1.448055   0.289810  -1.158244 
     1995.0000  -1.471395   0.272597  -1.198798 
     2000.0000  -1.492998   0.300673  -1.192325 
     2005.0000  -1.373574   0.186662  -1.186912 
     2010.0000  -1.480975   0.322574  -1.158401 
     2015.0000  -1.443697   0.234717  -1.208980 
     2020.0000  -1.453920   0.235505  -1.218415 
     2025.0000  -1.427363   0.222938  -1.204426 
     2030.0000  -1.489988   0.256723  -1.233265 
     2035.0000  -1.434127   0.212947  -1.221180 
     2040.0000  -1.491513   0.277202  -1.214311 
     2045.0000  -1.466143   0.262754  -1.203389 
     2050.0000  -1.463890   0.247510  -1.216380 
     2055.0000  -1.515290   0.287768  -1.227522 
     2060.0000  -1.420161   0.213818  -1.206343 
     2065.0000  -1.461750   0.245739  -1.216010 
     2070.0000  -1.486507   0.198639  -1.287868 
     2075.0000  -1.487532   0.226823  -1.260709 
     2080.0000  -1.498245   0.221988  -1.276257 
     2085.0000  -1.469148   0.200266  -1.268882 
     2090.0000  -1.504165   0.268782  -1.235384 
     2095.0000  -1.474528   0.262016  -1.212512 
     2100.0000  -1.498662   0.258010  -1.240652 
     2105.0000  -1.468742   0.228462  -1.240280 
     2110.0000  -1.437474   0.220163  -1.217311 
     2115.0000  -1.509926   0.263933  -1.245993 
     2120.0000  -1.476881   0.239354  -1.237527 
     2125.0000  -1.447359   0.204367  -1.242992 
     2130.0000  -1.465655   0.242754  -1.222901 
     2135.0000  -1.461108   0.217318  -1.243790 
     2140.0000  -1.441625   0.196417  -1.245208 
     2145.0000  -1.440160   0.208342  -1.231818 
     2150.0000  -1.428993   0.203398  -1.225594 
     2155.0000  -1.472411   0.256140  -1.216271 
     2160.0000  -1.423649   0.221553  -1.202096 
     2165.0000  -1.402599   0.205924  -1.196675 
     2170.0000  -1.467648   0.307594  -1.160054 
     2175.0000  -1.397026   0.226111  -1.170915 
     2180.0000  -1.418550   0.260034  -1.158516 
     2185.0000  -1.447746   0.294977  -1.152769 
     2190.0000  -1.465946   0.303852  -1.162094 
     2195.0000  -1.434925   0.287668  -1.147258 
     2200.0000  -1.423696   0.302118  -1.121578 
     2205.0000  -1.438227   0.322139  -1.116088 
     2210.0000  -1.442647   0.335682  -1.106965 
     2215.0000  -1.359152   0.249226  -1.109925 
     2220.0000  -1.380624   0.265837  -1.114788 
     2225.0000  -1.387732   0.263583  -1.124150 
     2230.0000  -1.408327   0.302408  -1.105918 
     2235.0000  -1.453171   0.338529  -1.114642 
     2240.0000  -1.452808   0.299254  -1.153554 
     2245.0000  -1.372881   0.257609  -1.115271 
     2250.0000  -1.408646   0.289113  -1.119534 
     2255.0000  -1.422949   0.311436  -1.111513 
     2260.0000  -1.409438   0.257688  -1.151750 
     2265.0000  -1.392331   0.239889  -1.152442 
     2270.0000  -1.463832   0.315760  -1.148072 
     2275.0000  -1.433436   0.270917  -1.162519 
     2280.0000  -1.384749   0.220144  -1.164605 
     2285.0000  -1.503698   0.296886  -1.206812 
     2290.0000  -1.431164   0.258304  -1.172860 
     2295.0000  -1.392171   0.204546  -1.187625 
     2300.0000  -1.458149   0.274001  -1.184148 
     2305.0000  -1.413648   0.228422  -1.185226 
     2310.0000  -1.425392   0.256105  -1.169287 
     2315.0000  -1.489562   0.320840  -1.168722 
     2320.0000  -1.400415   0.240830  -1.159585 
     2325.0000  -1.448440   0.274911  -1.173529 
     2330.0000  -1.400108   0.237703  -1.162405 
     2335.0000  -1.405728   0.216337  -1.189390 
     2340.0000  -1.448115   0.267827  -1.180289 
     2345.0000  -1.386060   0.214586  -1.171475 
     2350.0000  -1.364613   0.188772  -1.175842 
     2355.0000  -1.390318   0.210473  -1.179845 
     2360.0000  -1.379616   0.209033  -1.170583 
     2365.0000  -1.431631   0.278120  -1.153511 
     2370.0000  -1.365584   0.214503  -1.151081 
     2375.0000  -1.456037   0.309679  -1.146358 
     2380.0000  -1.430872   0.291757  -1.139115 
     2385.0000  -1.370893   0.247710  -1.123183 
     2390.0000  -1.362348   0.231305  -1.131043 
     2395.0000  -1.402326   0.304484  -1.097842 
     2400.0000  -1.394721   0.257080  -1.137642 
     2405.0000  -1.455922   0.292544  -1.163378 
     2410.0000  -1.409037   0.233149  -1.175888 
     2415.0000  -1.422258   0.290720  -1.131538 
     2420.0000  -1.395072   0.248469  -1.146603 
     2425.0000  -1.432125   0.282866  -1.149259 
     2430.0000  -1.406054   0.287489  -1.118565 
     2435.0000  -1.377624   0.309931  -1.067693 
     2440.0000  -1.347169   0.293684  -1.053485 
     2445.0000  -1.390133   0.333337  -1.056796 
     2450.0000  -1.460477   0.401419  -1.059058 
     2455.0000  -1.431696   0.272439  -1.159257 
     2460.0000  -1.428717   0.282027  -1.146690 
     2465.0000  -1.437091   0.289751  -1.147340 
     2470.0000  -1.412163   0.273430  -1.138733 
     2475.0000  -1.388346   0.247336  -1.141011 
     2480.0000  -1.468630   0.318814  -1.149816 
     2485.0000  -1.406576   0.253684  -1.152892 
     2490.0000  -1.405825   0.248544  -1.157281 
     2495.0000  -1.447824   0.343104  -1.104721 
     2500.0000  -1.423808   0.304661  -1.119147 
     2505.0000  -1.469137   0.331221  -1.137915 
     2510.0000  -1.380050   0.236916  -1.143134 
     2515.0000  -1.416030   0.293568  -1.122462 
     2520.0000  -1.428038   0.305060  -1.122978 
     2525.0000  -1.384103   0.310660  -1.073443 
     2530.0000  -1.391669   0.308345  -1.083324 
     2535.0000  -1.366594   0.279791  -1.086803 
     2540.0000  -1.422539   0.309220  -1.113319 
     2545.0000  -1.411051   0.303275  -1.107776 
     2550.0000  -1.349925   0.209445  -1.140480 
     2555.0000  -1.390070   0.240967  -1.149103 
     2560.0000  -1.466909   0.324306  -1.142603 
     2565.0000  -1.411625   0.255809  -1.155817 
     2570.0000  -1.428772   0.279175  -1.149597 
     2575.0000  -1.438970   0.269676  -1.169294 
     2580.0000  -1.417488   0.238960  -1.178528 
     2585.0000  -1.440282   0.275934  -1.164348 
     2590.0000  -1.457324   0.298876  -1.158448 
     2595.0000  -1.382671   0.246842  -1.135829 
     2600.0000  -1.357075   0.218126  -1.138949 
     2605.0000  -1.432014   0.284868  -1.147146 
     2610.0000  -1.439899   0.252779  -1.187120 
     2615.0000  -1.443496   0.245658  -1.197838 
     2620.0000  -1.472304   0.283858  -1.188445 
     2625.0000  -1.455417   0.260494  -1.194923 
     2630.0000  -1.447886   0.258528  -1.189358 
     2635.0000  -1.460918   0.277863  -1.183055 
     2640.0000  -1.454049   0.229963  -1.224087 
     2645.0000  -1.460338   0.228172  -1.232166 
     2650.0000  -1.466252   0.241860  -1.224391 
     2655.0000  -1.458889   0.234346  -1.224543 
     2660.0000  -1.461589   0.233923  -1.227667 
     2665.0000  -1.434908   0.185255  -1.249653 
     2670.0000  -1.467239   0.219706  -1.247533 
     2675.0000  -1.519460   0.258190  -1.261270 
     2680.0000  -1.490556   0.251296  -1.239260 
     2685.0000  -1.462051   0.221821  -1.240231 
     2690.0000  -1.404839   0.220093  -1.184746 
     2695.0000  -1.446139   0.304196  -1.141943 
     2700.0000  -1.486241   0.345568  -1.140673 
     2705.0000  -1.443438   0.319982  -1.123456 
     2710.0000  -1.395448   0.257969  -1.137479 
     2715.0000  -1.482316   0.292097  -1.190218 
     2720.0000  -1.448554   0.251064  -1.197490 
     2725.0000  -1.405139   0.232001  -1.173137 
     2730.0000  -1.413445   0.263256  -1.150189 
     2735.0000  -1.411992   0.238899  -1.173094 
     2740.0000  -1.409135   0.240931  -1.168204 
     2745.0000  -1.425416   0.273912  -1.151503 
     2750.0000  -1.352406   0.241892  -1.110514 
     2755.0000  -1.396503   0.284762  -1.111741 
     2760.0000  -1.379656   0.260447  -1.119210 
     2765.0000  -1.446109   0.302306  -1.143803 
     2770.0000  -1.388824   0.259536  -1.129288 
     2775.0000  -1.359279   0.254724  -1.104555 
     2780.0000  -1.376138   0.266371  -1.109767 
     2785.0000  -1.424974   0.320778  -1.104196 
     2790.0000  -1.293128   0.199023  -1.094104 
     2795.0000  -1.389681   0.304921  -1.084760 
     2800.0000  -1.459601   0.375485  -1.084116 
     2805.0000  -1.400226   0.296858  -1.103368 
     2810.0000  -1.376217   0.267795  -1.108422 
     2815.0000  -1.384613   0.276684  -1.107929 
     2820.0000  -1.409275   0.313958  -1.095316 
     2825.0000  -1.349226   0.271841  -1.077384 
     2830.0000  -1.371968   0.289118  -1.082849 
     2835.0000  -1.384996   0.303128  -1.081867 
     2840.0000  -1.411801   0.293876  -1.117925 
     2845.0000  -1.333245   0.235020  -1.098225 
     2850.0000  -1.367464   0.276395  -1.091069 
     2855.0000  -1.354392   0.249004  -1.105389 
     2860.0000  -1.395280   0.299404  -1.095875 
     2865.0000  -1.460600   0.325573  -1.135027 
     2870.0000  -1.430643   0.284137  -1.146506 
     2875.0000  -1.425267   0.263629  -1.161638 
     2880.0000  -1.457133   0.299496  -1.157637 
     2885.0000  -1.403419   0.234523  -1.168896 
     2890.0000  -1.478386   0.302864  -1.175523 
     2895.0000  -1.439245   0.268706  -1.170539 
     2900.0000  -1.448577   0.278011  -1.170566 
     2905.0000  -1.435587   0.286660  -1.148927 
     2910.0000  -1.441588   0.291666  -1.149922 
     2915.0000  -1.449286   0.290202  -1.159084 
     2920.0000  -1.446409   0.286883  -1.159526 
     2925.0000  -1.430239   0.270003  -1.160236 
     2930.0000  -1.477304   0.309039  -1.168265 
     2935.0000  -1.429693   0.261115  -1.168579 
     2940.0000  -1.384444   0.236001  -1.148443 
     2945.0000  -1.447287   0.297793  -1.149494 
     2950.0000  -1.442806   0.279023  -1.163783 
     2955.0000  -1.404001   0.240635  -1.163366 
     2960.0000  -1.444865   0.262063  -1.182802 
     2965.0000  -1.385897   0.218351  -1.167545 
     2970.0000  -1.444045   0.312679  -1.131365 
     2975.0000  -1.403359   0.270518  -1.132841 
     2980.0000  -1.434933   0.331377  -1.103555 
     2985.0000  -1.386110   0.257077  -1.129033 
     2990.0000  -1.361505   0.243572  -1.117933 
     2995.0000  -1.432719   0.333651  -1.099067 
     3000.0000  -1.399219   0.303507  -1.095712 
     3005.0000  -1.415438   0.304813  -1.110625 
     3010.0000  -1.438974   0.332525  -1.106449 
     3015.0000  -1.456055   0.348428  -1.107628 
     3020.0000  -1.441015   0.315885  -1.125130 
     3025.0000  -1.416130   0.298479  -1.117650 
     3030.0000  -1.475306   0.354894  -1.120412 
     3035.0000  -1.367306   0.264173  -1.103133 
     3040.0000  -1.401547   0.309806  -1.091741 
     3045.0000  -1.371737   0.276823  -1.094914 
     3050.0000  -1.434792   0.294332  -1.140461 
     3055.0000  -1.396471   0.299351  -1.097120 
     3060.0000  -1.488401   0.367744  -1.120656 
     3065.0000  -1.417313   0.296185  -1.121128 
     3070.0000  -1.389301   0.301534  -1.087766 
     3075.0000  -1.377144   0.268168  -1.108976 
     3080.0000  -1.365010   0.289652  -1.075358 
     3085.0000  -1.423817   0.319683  -1.104135 
     3090.0000  -1.412652   0.293339  -1.119314 
     3095.0000  -1.413608   0.271313  -1.142295 
     3100.0000  -1.514984   0.355661  -1.159323 
     3105.0000  -1.426636   0.246605  -1.180031 
     3110.0000  -1.388885   0.210322  -1.178563 
     3115.0000  -1.401818   0.254508  -1.147310 
     3120.0000  -1.348062   0.221599  -1.126463 
     3125.0000  -1.363417   0.254265  -1.109153 
     3130.0000  -1.399133   0.261881  -1.137252 
     3135.0000  -1.385949   0.247894  -1.138055 
     3140.0000  -1.374861   0.244086  -1.130775 
     3145.0000  -1.408137   0.281163  -1.126974 
     3150.0000  -1.474312   0.316882  -1.157430 
     3155.0000  -1.440861   0.218391  -1.222469 
     3160.0000  -1.503864   0.258873  -1.244991 
     3165.0000  -1.470827   0.241284  -1.229543 
     3170.0000  -1.445660   0.223146  -1.222514 
     3175.0000  -1.430822   0.247570  -1.183252 
     3180.0000  -1.484473   0.303178  -1.181295 
     3185.0000  -1.438752   0.275353  -1.163399 
     3190.0000  -1.455453   0.297431  -1.158022 
     3195.0000  -1.412408   0.262234  -1.150174 
     3200.0000  -1.436832   0.297461  -1.139370 
     3205.0000  -1.372502   0.233367  -1.139135 
     3210.0000  -1.404662   0.237638  -1.167024 
     3215.0000  -1.417874   0.275526  -1.142348 
     3220.0000  -1.395235   0.256951  -1.138283 
     3225.0000  -1.376063   0.246243  -1.129820 
     3230.0000  -1.419877   0.317950  -1.101927 
     3235.0000  -1.404549   0.294611  -1.109938 
     3240.0000  -1.419002   0.313170  -1.105832 
     3245.0000  -1.380043   0.285079  -1.094964 
     3250.0000  -1.393245   0.265597  -1.127648 
     3255.0000  -1.375383   0.271731  -1.103652 
     3260.0000  -1.361942   0.265695  -1.096247 
     3265.0000  -1.410826   0.310652  -1.100174 
     3270.0000  -1.413855   0.296566  -1.117289 
     3275.0000  -1.388198   0.269573  -1.118626 
     3280.0000  -1.428488   0.316336  -1.112152 
     3285.0000  -1.382410   0.275368  -1.107041 
     3290.0000  -1.344386   0.262667  -1.081719 
     3295.0000  -1.351999   0.286106  -1.065892 
     3300.0000  -1.353976   0.275888  -1.078088 
     3305.0000  -1.401979   0.322268  -1.079710 
     3310.0000  -1.422826   0.344057  -1.078769 
     3315.0000  -1.404152   0.321831  -1.082321 
     3320.0000  -1.409236   0.325682  -1.083554 
     3325.0000  -1.317764   0.281155  -1.036609 
     3330.0000  -1.372980   0.342630  -1.030350 
     3335.0000  -1.407412   0.369320  -1.038091 
     3340.0000  -1.348501   0.279258  -1.069243 
     3345.0000  -1.345792   0.305130  -1.040662 
     3350.0000  -1.359621   0.293308  -1.066313 
     3355.0000  -1.447531   0.372104  -1.075427 
     3360.0000  -1.431451   0.340355  -1.091096 
     3365.0000  -1.359897   0.288672  -1.071225 
     3370.0000  -1.348294   0.279972  -1.068322 
     3375.0000  -1.384670   0.314345  -1.070325 
     3380.0000  -1.356199   0.292087  -1.064112 
     3385.0000  -1.372314   0.338239  -1.034075 
     3390.0000  -1.377860   0.353189  -1.024671 
     3395.0000  -1.314310   0.273340  -1.040970 
     3400.0000  -1.366699   0.326190  -1.040509 
     3405.0000  -1.369129   0.344920  -1.024209 
     3410.0000  -1.382317   0.336698  -1.045619 
     3415.0000  -1.382595   0.324999  -1.057596 
     3420.0000  -1.365551   0.297275  -1.068276 
     3425.0000  -1.341249   0.281202  -1.060046 
     3430.0000  -1.387857   0.288469  -1.099388 
     3435.0000  -1.451742   0.344212  -1.107531 
     3440.0000  -1.341294   0.235126  -1.106169 
     3445.0000  -1.420346   0.302159  -1.118187 
     3450.0000  -1.407307   0.330832  -1.076475 
     3455.0000  -1.351927   0.298388  -1.053539 
     3460.0000  -1.317139   0.273929  -1.043211 
     3465.0000  -1.379596   0.336682  -1.042915 
     3470.0000  -1.313256   0.285381  -1.027875 
     3475.0000  -1.336063   0.298362  -1.037701 
     3480.0000  -1.311372   0.289004  -1.022367 
     3485.0000  -1.379225   0.344078  -1.035147 
     3490.0000  -1.416443   0.361074  -1.055369 
     3495.0000  -1.388449   0.305339  -1.083110 
     3500.0000  -1.371435   0.278967  -1.092469 
     3505.0000  -1.443736   0.352176  -1.091560 
     3510.0000  -1.387984   0.300226  -1.087758 
     3515.0000  -1.380195   0.281537  -1.098658 
     3520.0000  -1.318229   0.228382  -1.089847 
     3525.0000  -1.324407   0.226311  -1.098096 
     3530.0000  -1.342924   0.257351  -1.085573 
     3535.0000  -1.403745   0.316782  -1.086963 
     3540.0000  -1.326071   0.237887  -1.088184 
     3545.0000  -1.351542   0.257156  -1.094386 
     3550.0000  -1.400577   0.309919  -1.090659 
     3555.0000  -1.391223   0.255631  -1.135592 
     3560.0000  -1.447972   0.295723  -1.152249 
     3565.0000  -1.426415   0.272745  -1.153669 
     3570.0000  -1.462869   0.337868  -1.125000 
     3575.0000  -1.373411   0.247425  -1.125986 
     3580.0000  -1.420491   0.231819  -1.188672 
     3585.0000  -1.471032   0.262449  -1.208584 
     3590.0000  -1.447941   0.243178  -1.204763 
     3595.0000  -1.400000   0.237549  -1.162451 
     3600.0000  -1.429500   0.232563  -1.196937 
     3605.0000  -1.502815   0.273120  -1.229695 
     3610.0000  -1.467675   0.236701  -1.230974 
     3615.0000  -1.471255   0.235284  -1.235971 
     3620.0000  -1.483145   0.251318  -1.231827 
     3625.0000  -1.472676   0.236801  -1.235874 
     3630.0000  -1.449186   0.259969  -1.189217 
     3635.0000  -1.496967   0.288843  -1.208124 
     3640.0000  -1.447130   0.229892  -1.217237 
     3645.0000  -1.413946   0.215045  -1.198901 
     3650.0000  -1.428726   0.247053  -1.181673 
     3655.0000  -1.438858   0.255958  -1.182901 
     3660.0000  -1.417237   0.226150  -1.191087 
     3665.0000  -1.483737   0.241106  -1.242631 
     3670.0000  -1.456448   0.199396  -1.257052 
     3675.0000  -1.474230   0.216453  -1.257778 
     3680.0000  -1.491656   0.210911  -1.280745 
     3685.0000  -1.491319   0.210473  -1.280846 
     3690.0000  -1.532636   0.251598  -1.281038 
     3695.0000  -1.522010   0.228538  -1.293472 
     3700.0000  -1.522725   0.234422  -1.288302 
     3705.0000  -1.455941   0.198857  -1.257084 
     3710.0000  -1.478170   0.215035  -1.263135 
     3715.0000  -1.441324   0.203409  -1.237915 
     3720.0000  -1.480130   0.211004  -1.269126 
     3725.0000  -1.488266   0.193355  -1.294911 
     3730.0000  -1.481208   0.185120  -1.296088 
     3735.0000  -1.476470   0.174811  -1.301660 
     3740.0000  -1.522695   0.219018  -1.303677 
     3745.0000  -1.500947   0.233092  -1.267855 
     3750.0000  -1.465880   0.212155  -1.253725 
     3755.0000  -1.467898   0.220842  -1.247055 
     3760.0000  -1.500736   0.262009  -1.238727 
     3765.0000  -1.483842   0.243666  -1.240176 
     3770.0000  -1.474109   0.257468  -1.216641 
     3775.0000  -1.440006   0.256579  -1.183428 
     3780.0000  -1.413092   0.246587  -1.166505 
     3785.0000  -1.427774   0.269423  -1.158351 
     3790.0000  -1.440885   0.274680  -1.166205 
     3795.0000  -1.432063   0.307093  -1.124970 
     3800.0000  -1.484333   0.383934  -1.100399 
     3805.0000  -1.421269   0.324726  -1.096542 
     3810.0000  -1.335370   0.250156  -1.085214 
     3815.0000  -1.425087   0.338029  -1.087058 
     3820.0000  -1.365487   0.258982  -1.106505 
     3825.0000  -1.440659   0.347394  -1.093265 
     3830.0000  -1.374402   0.290164  -1.084238 
     3835.0000  -1.365226   0.305948  -1.059278 
     3840.0000  -1.412541   0.322581  -1.089960 
     3845.0000  -1.384493   0.287649  -1.096844 
     3850.0000  -1.394004   0.313078  -1.080926 
     3855.0000  -1.375555   0.323044  -1.052511 
     3860.0000  -1.402801   0.355448  -1.047353 
     3865.0000  -1.355173   0.287671  -1.067502 
     3870.0000  -1.380519   0.308636  -1.071884 
     3875.0000  -1.298044   0.220966  -1.077078 
     3880.0000  -1.359105   0.313951  -1.045154 
     3885.0000  -1.373897   0.339934  -1.033963 
     3890.0000  -1.401094   0.368775  -1.032319 
     3895.0000  -1.360857   0.305746  -1.055112 
     3900.0000  -1.335488   0.313394  -1.022094 
     3905.0000  -1.357481   0.329404  -1.028077 
     3910.0000  -1.305585   0.286109  -1.019476 
     3915.0000  -1.368571   0.336294  -1.032277 
     3920.0000  -1.346045   0.339447  -1.006598 
     3925.0000  -1.385390   0.375994  -1.009396 
     3930.0000  -1.341171   0.328178  -1.012993 
     3935.0000  -1.308792   0.312104  -0.996688 
     3940.0000  -1.312849   0.300602  -1.012247 
     3945.0000  -1.340596   0.361177  -0.979418 
     3950.0000  -1.320542   0.360097  -0.960446 
     3955.0000  -1.382858   0.386777  -0.996082 
     3960.0000  -1.292253   0.334920  -0.957333 
     3965.0000  -1.323320   0.371176  -0.952143 
     3970.0000  -1.374868   0.411373  -0.963495 
     3975.0000  -1.292566   0.333010  -0.959556 
     3980.0000  -1.330842   0.373226  -0.957616 
     3985.0000  -1.238665   0.282682  -0.955983 
     3990.0000  -1.253394   0.278579  -0.974815 
     3995.0000  -1.175764   0.203479  -0.972285 
     4000.0000  -1.312592   0.334534  -0.978058 
     4005.0000  -1.337357   0.399553  -0.937804 
     4010.0000  -1.272006   0.316166  -0.955840 
     4015.0000  -1.346345   0.368838  -0.977507 
     4020.0000  -1.309602   0.311304  -0.998298 
     4025.0000  -1.329549   0.349521  -0.980028 
     4030.0000  -1.277068   0.305726  -0.971342 
     4035.0000  -1.321211   0.368024  -0.953187 
     4040.0000  -1.285175   0.331020  -0.954155 
     4045.0000  -1.344657   0.328987  -1.015669 
     4050.0000  -1.346903   0.332722  -1.014182 
     4055.0000  -1.349325   0.326781  -1.022544 
     4060.0000  -1.393761   0.394602  -0.999159 
     4065.0000  -1.341825   0.341225  -1.000600 
     4070.0000  -1.357659   0.307700  -1.049959 
     4075.0000  -1.312310   0.251489  -1.060821 
     4080.0000  -1.365623   0.307736  -1.057887 
     4085.0000  -1.339274   0.224673  -1.114602 
     4090.0000  -1.435064   0.283663  -1.151402 
     4095.0000  -1.371289   0.237645  -1.133644 
     4100.0000  -1.383814   0.277149  -1.106665 
     4105.0000  -1.373544   0.278789  -1.094755 
     4110.0000  -1.376629   0.290687  -1.085942 
     4115.0000  -1.407042   0.338674  -1.068368 
     4120.0000  -1.372885   0.307291  -1.065594 
     4125.0000  -1.386981   0.308353  -1.078628 
     4130.0000  -1.407683   0.316839  -1.090844 
     4135.0000  -1.276295   0.241733  -1.034562 
     4140.0000  -1.289667   0.300669  -0.988998 
     4145.0000  -1.276950   0.296310  -0.980640 
     4150.0000  -1.248816   0.237692  -1.011124 
     4155.0000  -1.341346   0.336952  -1.004394 
     4160.0000  -1.369396   0.361502  -1.007894 
     4165.0000  -1.353170   0.321403  -1.031767 
     4170.0000  -1.310151   0.265989  -1.044162 
     4175.0000  -1.357605   0.308200  -1.049405 
     4180.0000  -1.287480   0.228334  -1.059146 
     4185.0000  -1.351188   0.290337  -1.060851 
     4190.0000  -1.360589   0.291485  -1.069104 
     4195.0000  -1.409846   0.314978  -1.094867 
     4200.0000  -1.364214   0.270990  -1.093224 
     4205.0000  -1.345413   0.269578  -1.075835 
     4210.0000  -1.378576   0.305836  -1.072740 
     4215.0000  -1.324059   0.251766  -1.072293 
     4220.0000  -1.422709   0.369095  -1.053613 
     4225.0000  -1.430647   0.342398  -1.088249 
     4230.0000  -1.338456   0.252040  -1.086416 
     4235.0000  -1.384716   0.255551  -1.129165 
     4240.0000  -1.416266   0.295697  -1.120569 
     4245.0000  -1.405202   0.263690  -1.141512 
     4250.0000  -1.439723   0.281906  -1.157817 
     4255.0000  -1.452874   0.305679  -1.147196 
     4260.0000  -1.405153   0.276642  -1.128511 
     4265.0000  -1.444134   0.278467  -1.165667 
     4270.0000  -1.349295   0.215669  -1.133625 
     4275.0000  -1.435054   0.272889  -1.162165 
     4280.0000  -1.419542   0.231175  -1.188368 
     4285.0000  -1.440471   0.261609  -1.178862 
     4290.0000  -1.409845   0.228797  -1.181048 
     4295.0000  -1.432161   0.238873  -1.193288 
     4300.0000  -1.388719   0.191411  -1.197308 
     4305.0000  -1.438275   0.254881  -1.183395 
     4310.0000  -1.372653   0.189234  -1.183418 
     4315.0000  -1.422558   0.248981  -1.173578 
     4320.0000  -1.461685   0.281775  -1.179909 
     4325.0000  -1.496717   0.311540  -1.185178 
     4330.0000  -1.478161   0.304285  -1.173876 
     4335.0000  -1.389546   0.223000  -1.166545 
     4340.0000  -1.452752   0.295963  -1.156790 
     4345.0000  -1.382348   0.226448  -1.155900 
     4350.0000  -1.461007   0.299364  -1.161643 
     4355.0000  -1.407487   0.255602  -1.151885 
     4360.0000  -1.432347   0.269824  -1.162523 
     4365.0000  -1.391486   0.239066  -1.152420 
     4370.0000  -1.422375   0.258812  -1.163563 
     4375.0000  -1.424319   0.267616  -1.156702 
     4380.0000  -1.396752   0.224727  -1.172025 
     4385.0000  -1.402746   0.238586  -1.164159 
     4390.0000  -1.432146   0.268000  -1.164146 
     4395.0000  -1.444628   0.285550  -1.159077 
     4400.0000  -1.411162   0.250303  -1.160859 
     4405.0000  -1.419082   0.246583  -1.172499 
     4410.0000  -1.455423   0.256129  -1.199294 
     4415.0000  -1.395164   0.192731  -1.202433 
     4420.0000  -1.434012   0.225362  -1.208650 
     4425.0000  -1.441712   0.257902  -1.183809 
     4430.0000  -1.440157   0.269563  -1.170594 
     4435.0000  -1.449814   0.252868  -1.196946 
     4440.0000  -1.400826   0.236243  -1.164583 
     4445.0000  -1.421869   0.267904  -1.153965 
     4450.0000  -1.417889   0.265913  -1.151976 
     4455.0000  -1.411649   0.262410  -1.149239 
     4460.0000  -1.440244   0.290159  -1.150086 
     4465.0000  -1.457108   0.299694  -1.157414 
     4470.0000  -1.417295   0.257945  -1.159350 
     4475.0000  -1.444190   0.306988  -1.137202 
     4480.0000  -1.398010   0.272930  -1.125080 
     4485.0000  -1.381772   0.246994  -1.134779 
     4490.0000  -1.376589   0.284253  -1.092336 
     4495.0000  -1.448278   0.370747  -1.077531 
     4500.0000  -1.387634   0.309884  -1.077751 
     4505.0000  -1.434258   0.358003  -1.076254 
     4510.0000  -1.422668   0.347203  -1.075465 
     4515.0000  -1.465112   0.358654  -1.106458 
     4520.0000  -1.403207   0.301884  -1.101323 
     4525.0000  -1.369341   0.269902  -1.099439 
     4530.0000  -1.315629   0.221614  -1.094015 
     4535.0000  -1.423402   0.315111  -1.108291 
     4540.0000  -1.383478   0.289801  -1.093677 
     4545.0000  -1.340816   0.255077  -1.085739 
     4550.0000  -1.375571   0.304366  -1.071205 
     4555.0000  -1.334530   0.252744  -1.081786 
     4560.0000  -1.409010   0.332140  -1.076870 
     4565.0000  -1.360063   0.314708  -1.045355 
     4570.0000  -1.408573   0.349175  -1.059398 
     4575.0000  -1.320248   0.259371  -1.060877 
     4580.0000  -1.409208   0.373454  -1.035754 
     4585.0000  -1.350784   0.320715  -1.030069 
     4590.0000  -1.365359   0.345664  -1.019695 
     4595.0000  -1.256854   0.247447  -1.009407 
     4600.0000  -1.296185   0.268231  -1.027954 
     4605.0000  -1.366544   0.337815  -1.028729 
     4610.0000  -1.361483   0.331841  -1.029642 
     4615.0000  -1.328857   0.283920  -1.044937 
     4620.0000  -1.383066   0.304089  -1.078977 
     4625.0000  -1.308996   0.222950  -1.086046 
     4630.0000  -1.334660   0.248826  -1.085834 
     4635.0000  -1.378583   0.302957  -1.075625 
     4640.0000  -1.410795   0.336015  -1.074780 
     4645.0000  -1.326058   0.279823  -1.046235 
     4650.0000  -1.407834   0.325063  -1.082771 
     4655.0000  -1.392509   0.303772  -1.088737 
     4660.0000  -1.415542   0.339997  -1.075544 
     4665.0000  -1.337292   0.300538  -1.036754 
     4670.0000  -1.375012   0.315011  -1.060001 
     4675.0000  -1.358631   0.304570  -1.054061 
     4680.0000  -1.414854   0.351229  -1.063624 
     4685.0000  -1.379118   0.332823  -1.046295 
     4690.0000  -1.312055   0.269476  -1.042579 
     4695.0000  -1.370968   0.308730  -1.062238 
     4700.0000  -1.369429   0.321653  -1.047776 
     4705.0000  -1.331668   0.271247  -1.060421 
     4710.0000  -1.395767   0.274855  -1.120913 
     4715.0000  -1.389264   0.266242  -1.123022 
     4720.0000  -1.423660   0.281868  -1.141792 
     4725.0000  -1.388141   0.250703  -1.137438 
     4730.0000  -1.374411   0.245439  -1.128972 
     4735.0000  -1.404173   0.273740  -1.130433 
     4740.0000  -1.400669   0.305932  -1.094738 
     4745.0000  -1.407551   0.316149  -1.091402 
     4750.0000  -1.376849   0.270695  -1.106155 
     4755.0000  -1.394458   0.309472  -1.084987 
     4760.0000  -1.374170   0.289221  -1.084949 
     4765.0000  -1.385945   0.286166  -1.099779 
     4770.0000  -1.403803   0.298244  -1.105559 
     4775.0000  -1.389243   0.297393  -1.091850 
     4780.0000  -1.399640   0.307408  -1.092232 
     4785.0000  -1.369939   0.229815  -1.140125 
     4790.0000  -1.382102   0.243857  -1.138245 
     4795.0000  -1.432876   0.302720  -1.130156 
     4800.0000  -1.379307   0.239340  -1.139967 
     4805.0000  -1.426980   0.298006  -1.128974 
     4810.0000  -1.411761   0.293446  -1.118316 
     4815.0000  -1.379323   0.269325  -1.109998 
     4820.0000  -1.429048   0.309370  -1.119678 
     4825.0000  -1.360481   0.249946  -1.110535 
     4830.0000  -1.413377   0.261726  -1.151651 
     4835.0000  -1.439451   0.288609  -1.150842 
     4840.0000  -1.406648   0.276176  -1.130472 
     4845.0000  -1.393727   0.273014  -1.120713 
     4850.0000  -1.396254   0.252345  -1.143909 
     4855.0000  -1.335055   0.203828  -1.131227 
     4860.0000  -1.404189   0.296682  -1.107508 
     4865.0000  -1.399685   0.295815  -1.103870 
     4870.0000  -1.406871   0.296524  -1.110347 
     4875.0000  -1.330271   0.236375  -1.093896 
     4880.0000  -1.351857   0.255681  -1.096176 
     4885.0000  -1.366787   0.274101  -1.092686 
     4890.0000  -1.358721   0.270721  -1.088000 
     4895.0000  -1.305982   0.263643  -1.042339 
     4900.0000  -1.375087   0.318553  -1.056534 
     4905.0000  -1.395122   0.268253  -1.126870 
     4910.0000  -1.401672   0.258667  -1.143005 
     4915.0000  -1.412801   0.267878  -1.144923 
     4920.0000  -1.396862   0.221711  -1.175151 
     4925.0000  -1.478796   0.296412  -1.182384 
     4930.0000  -1.454672   0.262384  -1.192288 
     4935.0000  -1.432549   0.233161  -1.199388 
     4940.0000  -1.433097   0.262438  -1.170659 
     4945.0000  -1.420874   0.255780  -1.165094 
     4950.0000  -1.395784   0.213411  -1.182373 
     4955.0000  -1.398052   0.226765  -1.171287 
     4960.0000  -1.440002   0.292241  -1.147761 
     4965.0000  -1.435638   0.298594  -1.137044 
     4970.0000  -1.450855   0.308563  -1.142292 
     4975.0000  -1.383868   0.247930  -1.135938 
     4980.0000  -1.413898   0.275535  -1.138363 
     4985.0000  -1.396184   0.273035  -1.123149 
     4990.0000  -1.354870   0.257360  -1.097510 
     4995.0000  -1.406898   0.305615  -1.101283 
     5000.0000  -1.395956   0.298549  -1.097407 
