t = 1000000
b = 20 20 20
E = -1.0974070851568 -1.39595583524667 0.298548750089874
20.7000645460156 89.7936184440168 45.0523036106477 -0.320550945245823 0.919316478768013 -0.22826367071348 -0.818096431388334 -0.147224651747518 0.555916478319806 -0.116547587326012 -0.0747940521509513 -0.0745874475425177 -0.546582105048978 0.0182949885287311 -0.197462732335309
20.5502920011409 89.8763781343862 45.440874139785 -0.682135752878631 0.29537595898743 -0.668912443819787 -0.728701956856959 -0.350530421271443 0.588321240340771 0.304505526980016 -0.444633516831418 -0.0316708438755857 0.559835297181411 -0.0697049034727696 0.726571150467568
20.0342504102657 89.9134552507497 45.7648906894148 -0.429734148823437 -0.00817459206331648 -0.902918455553764 -0.893038503590421 -0.143946515246433 0.42633511684283 -0.125592627663877 -0.177653229306761 0.146784898570059 0.105114850809314 -0.0450895656407495 0.439624330063611
19.6103502321501 90.1302281179285 45.9234938074078 -0.270153465150608 -0.430729420135146 -0.8610977133271 -0.913384034751874 -0.168235856632178 0.370710536137867 -0.344044222347593 -0.0452547570177717 0.0648420501196526 -0.0370804846067613 0.0960209475347234 -0.422044694729576
19.0714123604509 90.2163571001546 45.8638807981065 0.0296350668077975 -0.922220700154995 -0.38552657887742 -0.806305939379092 -0.250008054329181 0.536065951998948 -0.645393408532539 0.392748355840241 0.252200505168763 0.0338170865289099 -0.26884372175288 0.496590282538126
18.6209890823576 90.0378419441557 45.854746089005 0.404740204668543 -0.913800296319348 0.0339762442235305 -0.782211923921194 -0.326733886665336 0.530461566355253 -0.292445575168044 0.179131895155029 -0.404274059306373 -0.354660790073919 0.211199819278598 0.216979971822588
18.2168490347386 89.7510178162645 45.804979296484 0.633648480733877 -0.57197772102469 0.520894509008351 -0.772181795105374 -0.426564049710025 0.470933526947091 -0.31505170312036 -0.328171497737958 0.138969927953016 0.0785697537927637 -0.0680395418330431 0.0169640529747731
17.9675286330948 89.2263576430718 45.8741596247524 0.540722935638278 -0.0763395144789728 0.837729661289271 -0.763113058939368 -0.463541348397555 0.450319750401841 -0.309913778902944 0.470906882701393 -0.372349822200709 0.358309018839087 -0.0280562421142214 0.0399973196956912
18.6500581122673 89.1302522678947 46.8655601123951 -0.555856008039485 0.0123670323666702 -0.831186594476144 0.818483761246432 0.182898744395255 -0.544639680774853 0.178628563677747 -0.0415638004537445 0.163319870719761 0.116365975138144 0.064261555467563 -0.445752997372158
18.9640573207847 89.0380936560169 46.4015686073798 -0.638283543557796 0.594000865742271 -0.489649966323634 0.691091624528471 0.161970101461231 -0.704384875433337 -0.00781117171414608 0.493238124230151 0.137881291853351 -0.246392299417786 -0.0763456671627741 0.257134278952857
19.1046841953297 88.9375704059612 45.9013264793302 -0.320332150213857 0.946172137707762 -0.046320614901905 0.681140021108352 0.196070000413617 -0.705411104663315 0.0890578974835006 -0.463717846378335 0.159672528461342 -0.773785002687548 -0.00697021037961888 0.177669636582415
19.1520162610674 89.1129806744846 45.4032742163108 -0.000194795401400209 0.887743255471106 0.460338869117429 0.651513633267991 0.349342731529578 -0.673416395399901 -0.284339552010918 0.0886338137808276 -0.452884206853221 0.0483608826917008 -0.242499814566623 0.496917187500217
19.35244513092 89.4474133396757 44.9748289085603 0.237998825036629 0.575927888981131 0.782089269824693 0.58087969432217 0.560945347020609 -0.589846673619604 0.0670409408792273 -0.0357767797407272 -0.510717823085095 0.22013611247217 0.398002583769997 0.0964399623136759
19.4941545807547 89.8883499171746 44.6788605159853 0.461290181562713 0.0777614661504124 0.883835121940726 0.712617494548249 0.560977554401621 -0.421284333819041 0.077906305918126 0.0301171760505337 0.673673255919724 0.560855391704241 -0.172666192344581 -0.180089001396853
19.7212041166655 90.3512114577774 44.5859756522494 0.61258955755162 -0.412380446822085 0.674296968002621 0.774163232494847 0.485079375643923 -0.406656229237954 0.544873049479108 -0.497813296283076 0.414856128850114 0.0402505454728978 0.270714536920856 -0.374252703148064
20.165992688275 90.7167892771325 44.6671050723213 0.44350248035519 -0.801692484153388 0.400742698961272 0.881773941803265 0.310184382755341 -0.355331344313192 -0.139375171564837 0.543870052433099 0.0813734533214932 -0.0214044972884338 -0.510210037730381 -0.447089748463195
