t = 100000
b = 20 20 20
E = -1.06772165521789 -1.3897275008756 0.322005845657709
-5.17591707389056 37.8386862674794 10.2861043324813 -0.264594702304722 0.835633179133937 0.481359359982533 -0.0757185305465903 0.479606196292903 -0.874210844481679 0.229713801055038 -0.181202497022408 0.469112728563062 -0.0525888546122539 -0.414261420087085 -0.0463670629483777
-5.56078424134763 38.1161665530374 9.91384182798387 0.228677603391591 0.84410261320897 0.484971475533222 -0.0565141458778421 0.508842493272632 -0.859002600901646 -0.414062143825945 -0.0692860217007429 -0.664124437228435 -0.15351675532727 0.0139412795374709 -0.225923857785091
-5.79053477402694 38.4632282716243 9.5657126279718 0.75398052099643 0.510523321141648 0.413375510315287 -0.0458865254833032 0.668680505080026 -0.742132608706144 0.146054901970864 -0.234555377876034 -0.162289047407122 0.317798715791463 0.0812841274310478 0.0167279121611346
-5.95462325288166 38.9232418163745 9.39402965737665 0.970954522689087 0.16120072202712 0.176809621026617 -0.0111452229386759 0.768642341374858 -0.63958168755164 0.497845684926259 0.0553327085712576 -0.0190356386287059 -0.0133176266176088 0.698446985806816 -0.384072024991775
-5.86671027276811 39.4427234562675 9.33971404349762 0.893268488833837 -0.291066626747203 -0.342566235421011 0.0280792229010628 0.796705912370571 -0.603714540519836 0.253038876030941 -0.342680536955877 0.708831082781462 -0.623681195947488 0.180604248355953 0.0869697089851721
-5.60739552787025 39.9293879139252 9.22062914099011 0.456398556097072 -0.699776302015332 -0.549557535777874 0.20502181319535 0.683723528634411 -0.70034862212035 0.236113562571801 -0.240365257939093 0.350553553916185 0.0999100028840555 0.448300316024637 -0.0971220729522717
-5.17052874780509 40.1508143139563 8.90198686180133 -0.227159742629477 -0.723096557186459 -0.652326467586303 0.317277651197453 0.578340611083524 -0.751569710420895 -0.220714696559107 -0.364034336840562 0.0504818216632652 0.265127364230888 0.162566241791276 -0.262428614243405
-4.82947016212566 40.2246447209763 8.56115551146391 -0.823139356804761 -0.319632112466125 -0.469336672293469 0.175590768506567 0.642744861444929 -0.745685540359625 -0.47901251029186 -0.376480389512396 0.434125654760306 0.31403299030503 -0.149458271675393 0.170379896618255
-5.48317889290821 39.5797906650604 8.08509358318966 0.927168419683292 0.371693997279506 0.046928604585742 0.0623241520657674 -0.276540749419748 0.958979099865924 0.00329020323998222 0.115122383237365 0.756364129895143 0.200155178514605 -0.477859695120275 0.0767737440612394
-5.32509442330525 39.2488213084372 8.24243508232478 0.298626513503934 0.764023380873587 0.571918244953714 -0.0775549437967326 -0.577853387618517 0.812447347900427 0.10358730281187 0.38798311525298 -0.0562295761042507 0.394860746738715 0.541123794483759 0.179682945473752
-5.0630523436982 39.0168227537422 8.60128078979552 -0.303174148007031 0.831382179198763 0.465713547248629 0.089432898659676 -0.461734288264005 0.882498274037211 -0.0689670421635819 0.111709695362354 0.0600747686944262 0.146121112380496 0.0654531823083369 0.21236807654132
-4.78311739702605 39.0319990889368 9.01753370732489 -0.885528637750931 0.389400527474822 0.25338954383594 0.0940394534370551 -0.383882721137728 0.918580773589966 -0.63974919162734 0.229994780842381 0.185485803627744 0.966127546746519 -0.601327227785613 0.0950438318988554
-4.75324264251615 39.0717635158359 9.55151635264031 -0.989291125474724 -0.0677116567424245 -0.129298880885258 -0.0662648344664529 -0.58094865456606 0.811238332717958 0.387142784734763 0.290564881536169 0.303494617782464 -0.168569578050773 -0.331635991973118 0.204885770521573
-4.93626883843581 39.0627940236433 10.0749682442598 -0.787890044493483 -0.454106123984537 -0.415953009302483 -0.173093401727644 -0.48491322973832 0.857261823425686 -0.0654607284402015 0.187047620889685 0.0542045634241547 0.109843995788537 0.0508480294110741 -0.225532870069631
-5.22888732178205 39.0698675576936 10.5289957492151 -0.185734949389697 -0.827441442241391 -0.529946401286644 -0.0608956527301924 -0.528600975652967 0.846683369399246 -0.218801525518012 -0.442198611436469 -0.0649195862022641 0.571621968317935 0.651625232525487 -0.310837268129933
-5.55731970365629 38.8039276630343 10.7944407458939 0.497632939401187 -0.792480358812873 -0.352613582436642 -0.204730154963657 -0.50235066054577 0.84007700688555 0.379003302010202 0.105640045636891 -0.159561186081572 0.112957165165538 -0.321227055004045 0.00342872045480896
t = 200000
b = 20 20 20
E = -1.04678680810524 -1.37242586393104 0.325639055825798
-1.11589339095334 40.2525118627445 -3.9174260738471 0.316951177358651 -0.926625355617137 -0.20225578236089 0.941960311843118 0.332432668628698 -0.0468966069217102 0.530217083901239 0.461078911884466 -0.252901241282182 0.0461031665687218 0.281939248920683 -0.566219556831168
-0.677283655037819 40.2459342183225 -3.71459821034291 0.134658477010195 -0.585964863974712 -0.79906962947942 0.898946279691911 0.41148386147161 -0.15025517620528 0.177608949462588 0.164156098179586 0.119400876429868 0.533884864751534 -0.104670923149672 0.612329467071532
-0.234155609399579 40.0701788220252 -3.61584304486723 -0.0523255224119053 0.146068005983154 -0.987889759706219 0.932214239117351 0.36188333363793 0.00413100737335731 0.0843939363911069 -0.836390067662552 0.00808160678687592 -0.352941879294814 0.0114483542800258 -0.298948714883357
0.302679558433145 40.1009469567968 -3.71157498998184 -0.412346649731263 0.447541723240812 -0.793521673562908 0.853208427830809 0.49506660744292 -0.164147594784233 -0.0380281246875903 -0.154734202088474 0.165618349285495 -0.525592344484048 0.458002085251171 -0.184532056128484
0.755137459326662 40.2802053762328 -3.97188606315895 -0.602587154043666 0.594923881874433 -0.531934485211271 0.771651748893245 0.604375693347749 -0.198200907466101 -0.404170219632284 0.37791735607534 -0.261776283219477 0.029568638598004 0.100005181676674 -0.194268606956531
1.0343398463791 40.4296309024948 -4.32068241433835 -0.563118899951564 0.825658063073237 0.0344364254750507 0.826347749014147 0.562954470305675 0.0152204488147249 0.207457971843821 -0.332545861758489 0.418281951124058 0.342014270282726 0.246324582663703 -0.352918202517549
1.31076656702619 40.7906823908388 -4.58414945883979 -0.594689275458486 0.635879393445898 0.491937051507155 0.608888258097435 0.755798947765595 -0.240879720415541 0.197959371427623 0.539668543883487 0.0295203995383747 0.436575862705448 0.0291773547653162 0.106970657600923
1.40676678549616 41.1907131944759 -4.83969932706791 -0.137852609194724 0.287748367858296 0.947732839429524 0.679864188612333 0.723332390965383 -0.120726704679728 0.0984213834458103 0.325657709620123 0.219807547193516 -0.210820473377062 -0.176481102367647 0.00100791172031642
1.09699869364285 41.5225128876178 -3.78714284506387 0.264360177231508 -0.156664111247625 -0.95161444552988 -0.831716960776475 -0.536542111966849 -0.142721614491119 -0.392971475790022 -0.0723853088849542 -0.11120412685254 -0.0929433237137016 0.289656345885329 -0.0898948911060543
0.612727190023453 41.4561746363642 -3.87923377890808 0.539673375097374 -0.504794154802145 -0.673747363251713 -0.813906257920443 -0.517409287890224 -0.264280593541908 -0.207179558144794 0.449051221086449 -0.0381410807930371 -0.333662736119756 0.297987545616156 0.484891261000258
0.285022172934301 41.3974522655692 -4.22080410798608 0.608040260476262 -0.786662212924493 -0.107002824246258 -0.786513393388194 -0.578531362815406 -0.216097534136554 0.270158903901299 -0.517392499761855 -0.461644411668438 0.0682315774333487 -0.5980393846349 0.39218840696806
0.0720814368471778 41.0701181739445 -4.53264950688984 0.418145698514526 -0.731165989214723 0.539027337924011 -0.775369632416583 -0.596429261675957 -0.207542932770281 -0.376992746108105 0.141868513759711 -0.15529921044772 0.584693991862713 0.0519780384774206 0.731530393231776
-0.126582446512653 40.6427007794779 -4.77772477882064 0.20802373723619 -0.388092319026422 0.897836553421038 -0.717082758042654 -0.684784468387179 -0.129855881551898 -0.448750185696595 0.559246067856369 -0.296985109255029 -0.170718069311404 0.0439422237396524 0.286925880898178
-0.321372351415935 40.091002489804 -4.80858289574152 0.122240780550564 0.094116600927193 0.988027963673251 -0.681846960576891 -0.715420125663413 0.152508249441731 -0.154366986764197 -0.193341449038124 0.0302452293187335 -0.26133380144998 -0.300677646722912 0.190619900064196
-0.531580434713291 39.5299162665236 -4.65028061039202 -0.0593267609936264 0.515534070529378 0.85481282018545 -0.798521836079289 -0.538380681679935 0.269275173193575 -0.0861871442761804 -0.0838673699541286 0.00712365174293998 0.353321123363197 0.447928320748856 0.110775412021902
-0.779027604380332 39.1953208759223 -4.24865017562507 -0.380358325695491 0.903516741010449 0.197446303556044 -0.8443898712276 -0.426355793357701 0.324386317280111 -0.262150588571232 0.15117405832902 0.229741737687912 0.869179083909095 0.126118945298676 -0.253813084779765
t = 300000
b = 20 20 20
E = -1.19335506261181 -1.45499103483205 0.261635972220244
6.83651571082735 58.8032190984543 2.96942906023827 0.749931760955374 -0.103565172513066 -0.653357948564728 -0.514036242951561 0.530433865526128 -0.674096918280494 -0.493077037843828 0.531507693763391 0.402015358558614 0.119269541075942 0.0664141527127207 0.0951169581057118
6.92346859385245 59.2556482999639 2.74119859117818 0.185347287817327 -0.577401442427924 -0.795143985188142 -0.491973591811539 0.645929718675346 -0.583726634215055 0.106987361732796 0.337489458312357 0.137699958392235 0.134759211427701 -0.162775373837898 0.195291345088597
7.01876061859673 59.6306592614965 2.36374555831238 -0.196347242696175 -0.738772999794726 -0.644718710027747 -0.31624115029043 0.670093950225794 -0.671539747694613 0.00646388886452718 -0.154233818904647 0.0231406443738513 0.164392866501708 -0.177726306886825 -0.068123512638866
7.08988154812119 59.8806053657544 1.8626717738843 -0.610624057322568 -0.768174764584196 -0.192472833602536 -0.373683433856288 0.493780889956123 -0.785201327033727 0.0226272879220644 0.12304939037051 0.0189143296269883 -0.241411794955614 0.188462198173383 -0.352766846763184
7.08400490732313 59.904570876342 1.34119257225564 -0.874325183445563 -0.448065541908631 0.186528131248507 -0.380477181228721 0.394172687095781 -0.836579349082914 0.0538513670391462 -0.195397551144214 0.0137495384953812 -0.202771101065316 -0.499025257697816 -0.177059597935798
6.86357676089593 59.9746374656105 0.887965173609022 -0.857407480750026 -0.0488395766537347 0.512315437700489 -0.487736249599241 0.39475866972752 -0.778639161294791 -0.0247556405963301 0.714972500111489 0.616911806235181 0.485462079014736 -0.65401881745183 -0.0407334723796417
6.46685732268609 59.8629134489278 0.540943898238247 -0.546225747522292 0.491292864713151 0.678431097330965 -0.60205435812766 0.33285025498411 -0.725769424553375 0.305225246667692 0.364845927385592 -0.0555865395116043 0.613652358114427 0.0113499653004572 -0.221060902034212
5.95281872104039 59.914974794326 0.365987456401765 0.0117887732050334 0.846318461699216 0.532546792510643 -0.683171460024512 0.395716916430318 -0.613746591240135 -0.185783286912233 -0.459716891696071 0.384291053062354 -0.23199522019279 -0.210081109035056 -0.310119241963463
6.03887624888654 60.908751956214 1.04774579496176 -0.272195306307551 -0.835427426983701 -0.477462804276423 0.369761226991592 -0.548912175101498 0.749647956736351 0.437058490718148 0.0873014260487007 0.294141528669977 -0.147733758113454 -0.263087018988581 -0.286156921862786
5.93635997183438 60.5428740817376 1.36880360367365 0.422780303461439 -0.591759603913338 -0.686350774882204 0.503648765134261 -0.476201825264525 0.720811863799062 -0.0862909574535307 0.0165702145736087 0.123996850616054 0.5159734953485 -0.31106755592847 -0.619759776169718
5.89909271154161 60.0051873022896 1.52849389056434 0.759621595697783 -0.183947085285109 -0.623809667418397 0.384202665446768 -0.646988261097346 0.658630778103967 -0.0125547132427306 -0.417693993571211 0.443083569695522 -0.108022969519759 -0.0651081915384436 -0.141512854269825
6.03707336090942 59.4375249325317 1.60840229514825 0.884559250690763 0.308938660030803 -0.349445040536766 0.466264865628684 -0.605486937610744 0.6449671646394 0.0737161086396769 0.361616854411231 -0.10340277514028 -0.641753192945969 0.110241654152857 -0.0407727736411299
6.30359773139913 59.0022019476598 1.59962865872246 0.661708260679525 0.723358543787089 0.197217126230765 0.555872179322576 -0.649830316421078 0.518388541651229 -0.0323513143695178 0.0734835642090782 0.440610266675109 -0.195682371255433 0.073041473623098 -0.272784822897579
6.76789508360289 58.7031458918221 1.64156260794303 0.157502739928422 0.78871639735625 0.594238446632674 0.454472018109876 -0.592129977143771 0.665460197850219 0.161689093259191 0.182842619821479 -0.16736857127693 -0.0578381101378066 0.0417738646822702 -0.516419117147299
7.26234524901267 58.5343875416247 1.87811266350994 -0.345185051198449 0.646030866150902 0.680802027324674 0.467834645307093 -0.510403057318286 0.72153964806551 0.0240646540595797 0.416952563372779 0.123154141261484 0.373627457556576 0.437047156239308 -0.361001864588115
7.71812512592798 58.582749616766 2.12566235147253 -0.722612784490201 0.15185276822569 0.674367481773518 0.498464769206515 -0.561434440388233 0.660548441074414 -0.279870168338835 -0.162662433161198 0.0730614093824686 -0.504724207810135 -0.208671956048703 -0.0316461882852082
t = 400000
b = 20 20 20
E = -1.19232454322447 -1.49299778632282 0.300673243098355
13.6302862993827 68.0923961416574 13.6286973776921 0.281759467204923 -0.411957036228262 -0.866546595944163 0.515652683530526 -0.696610465398229 0.49883481180189 -0.0519667028967098 -0.469781017357774 -0.0149454275773316 -0.0168254402351693 -0.497284751049689 -0.085933233939508
13.7394686563309 67.5443776220776 13.7461583777076 0.461161418986956 -0.001699553560895 -0.887314632560296 0.459140915165583 -0.855255412187893 0.240266102361972 0.120788354961961 -0.488948453821146 0.341893463352741 -0.223939010419642 0.172090100951689 0.293086812281278
13.8092736110627 67.0603841213791 13.5792588628694 0.80237861524008 0.333988595775179 -0.494611135840627 0.487892320804193 -0.844384720274963 0.221304151489569 0.418815587499653 0.504216632640441 0.236493675125858 0.236669907291909 -0.134034779433142 0.0395668033864005
14.0601410013942 66.6534508101221 13.4118961131667 0.794192114876541 0.605953125854902 0.0456036614165005 0.577915985718613 -0.776373699037931 0.251509429034089 0.0724138521013358 0.507806553229156 0.188230478476334 -0.197645855215052 -0.181658773124352 -0.145105346990049
14.4575253480904 66.3334766195591 13.2634958842982 0.465427107419164 0.616910279445339 0.634664726287913 0.680089648277077 -0.70817982387948 0.189629658430224 0.12423190431507 -0.208478358159274 -0.0333921202560956 0.482374879873043 0.0881061074116358 0.0332807134741384
15.0230759637202 66.1413686898506 13.2237688338653 0.0531196461131318 0.40339671279835 0.91348201695505 0.666385208484567 -0.695610768754165 0.268433254844145 0.145590344879229 -0.620551786835158 -0.260495490203822 0.400458825837846 0.0080489267203509 0.47539665389469
15.4860850845325 66.0474373965451 13.3557932061132 -0.424621076351134 0.113148701023306 0.898272961284645 0.681875822054292 -0.612729689098256 0.3995093132773 -0.172356827357812 0.244477949071211 0.349478064620792 0.649403826827429 -0.168224991800566 0.231934103494148
15.9009232722031 66.0014650695281 13.7116586956543 -0.695111229147702 -0.413258870008389 0.588249509538443 0.693338681661878 -0.601639111554138 0.396625581575012 -0.376831727540887 0.429937068077303 0.0217563116945573 0.487247547175483 0.135894383603392 0.180648302988893
15.0474781863104 65.5836095106636 14.3885551790171 0.759063737027014 0.366983496608341 -0.537722378507422 -0.608945782797518 0.692346334219284 -0.387093770430652 0.012427164069315 -0.54289401734662 0.665622932351074 -0.322442913970219 -0.0338221723482736 0.0711009307756299
14.9383934645906 66.1223408498847 14.4421617097346 0.455146358638783 -0.0726443402686147 -0.887448360213036 -0.413607845219407 0.865366867501139 -0.28296419385545 0.0134411496607518 0.241615610470163 0.417383213642696 0.423151676524 0.568613700495814 -0.07154103723347
15.047547546164 66.6887935533807 14.3196913351682 -0.0315692101915769 -0.457555124851059 -0.888620668615357 -0.457130673937658 0.797238422620471 -0.394261898289544 -0.147984292196424 0.140134585339943 -0.171752217716248 -0.289447623706238 -0.111124334331123 -0.0300660651385276
15.0472823471405 67.0958386182221 13.950024725776 -0.548756529481813 -0.661273636466728 -0.511452294026685 -0.521148822499097 0.748968738336216 -0.409206224051916 0.426851276523249 -0.132004370615066 0.000932784901226303 0.491818191970369 -0.133826127236491 -0.112549811909319
15.0106672899668 67.3780629258258 13.4816179607789 -0.813244524037898 -0.57903837978876 -0.057861030529751 -0.436959737995911 0.673298212633305 -0.596435834130843 0.316611181848589 0.587626292938047 0.429699345298786 -0.333027285547099 -0.610977602113926 0.0548968788166615
14.7595996399113 67.5935793226101 13.0174401263209 -0.719667078775532 -0.523699639917168 0.455870576893581 -0.693849762152388 0.566593902181546 -0.444459061750082 -0.354393940733601 -0.109275189287096 -0.43667888216654 -0.134443828370405 0.0556662578095478 0.289907685917248
14.3335604247965 67.603288465149 12.6879246772277 -0.448433146546156 -0.0671318392725201 0.89129177559016 -0.845224653524932 0.356158695600714 -0.398429753685181 -0.515859332948754 0.332999969595625 0.21689546993384 -0.0410776442740837 -0.370914713418042 0.179360724442616
13.8556367758141 67.5548597414678 12.5829043225988 -0.022960535151853 0.623348821138448 0.781606717608582 -0.764842947108562 0.492517149355887 -0.415261512602201 0.124018786982067 0.591427074091721 0.524583072887986 -0.228805465585799 -0.136057672059223 0.272936271188315
t = 500000
b = 20 20 20
E = -1.11914710946332 -1.42380821900295 0.304661109539634
-0.720826880233389 83.9832629897546 26.3913535255075 -0.729185860250916 -0.637747985443377 -0.248123937323723 0.583995441400599 -0.390940485000734 -0.711417501619604 0.471481685180804 0.365191483965367 -0.0399990641378665 -0.819336928887344 0.258080786601195 0.906243771634892
-0.479193612147936 83.5709953620593 26.1878165137748 -0.811984290284793 0.120589731411765 -0.57108635862601 0.528270304948153 -0.264255849367762 -0.806907262939735 0.00237726903440303 -0.477912601127986 -0.0734164779791344 0.203424369556102 -0.187510224938416 0.695747332503318
-0.384949509500996 83.1705382824245 25.8081527042442 -0.688216131019875 0.545785820560724 -0.477992044995447 0.386552883952145 -0.281684564376016 -0.878197400417794 0.0345301668065343 -0.0212784858931924 -0.387807661935408 0.388914017340163 -0.0103593688247054 0.05887731383669
-0.443165497912089 82.9213629329768 25.3927196111675 -0.17213818301472 0.941688898930732 -0.28912015422494 0.41231398490682 -0.197677143923838 -0.889337351414174 0.48178140979891 0.0393439080376292 0.0675950258365542 -0.0954641609827307 0.243679927538707 0.0690213079078151
-0.490249700627017 82.9061106973762 24.830357614759 0.201256546219595 0.974655297581646 0.0976875299093983 0.519680357353468 -0.0217057455633678 -0.85408499974561 -0.0813578735244581 -0.262525494303976 0.268228952064173 0.219255261625818 -0.47410195050274 0.295500549748756
-0.5182729817071 83.0391598666064 24.3519681697554 0.719818076100204 0.551028777523841 0.422172030883149 0.482695826012642 0.0397423238406761 -0.874885870983008 -0.136005399762181 0.334977994238365 0.201232759343372 0.374444339759076 0.44787033486732 -0.41792934903146
-0.329944803336655 83.3346035642374 23.942808120533 0.799350283871305 0.0568625684146962 0.598168681885188 0.600479335441138 -0.111274132813912 -0.791860237083985 -0.288440324596429 -0.00781347755802979 -0.17606549046995 0.281725225049545 0.520056829729649 -0.108616811598613
0.0251718092699618 83.5450705751118 23.6522159613591 0.528252579807369 -0.708225500996298 0.468365083738559 0.456206797627779 -0.228487043312056 -0.860040132108251 -0.337450160583247 0.184899966908119 0.389262689579522 0.131047481091187 0.636298885784153 0.235931443220595
0.773516424688117 82.9933536747437 24.3640158962029 -0.558927867532755 0.562971476431547 -0.608820791054132 -0.477831321950275 0.38138915125058 0.791340345914218 -0.286817778315346 0.102441355114424 -0.167277988110303 -0.275853125539135 -0.182997291382206 0.258419980845033
0.643797030543329 83.3418536030149 24.664189033413 -0.83193913053703 -0.164510650083469 -0.52991841739123 -0.552977329546279 0.324569317362372 0.767379196508994 0.0668989341606059 0.554931527990651 -0.233384250899298 -0.139535932179366 0.234003931276555 -0.109251428822267
0.322950557921082 83.7517900247758 24.814270023684 -0.729771334367224 -0.556525019349808 -0.397131845076136 -0.629918561666056 0.321510451264199 0.70698913386026 0.208916988509536 -0.0115883334155934 0.0434536789789854 -0.250452853842767 -0.146419219327303 0.079622070903978
-0.160436382615571 84.0422580767676 25.0372778898732 -0.336593248005692 -0.893182456469506 -0.298211476727593 -0.808836549417475 0.112076931553148 0.577254014918986 -0.114864071358715 -0.264162331498026 -0.16503586517682 -0.255915708827532 -0.0343318652110173 0.127823986728587
-0.67669736615707 84.0528625537658 25.0553944637213 0.21283708221489 -0.939669040964015 0.267810511160452 -0.72954811146267 0.0294978085667334 0.683293079396399 -0.239176517852762 0.464251253572316 -0.554474804175218 0.240042839500188 0.230250818333605 0.13741565138736
-1.18211291998503 83.9226204534922 25.2587129550638 0.62838868334818 -0.665428961411575 0.402904405479332 -0.658391049432995 -0.17910185281024 0.73105659996099 0.128717040034897 0.482646443591871 0.328990043454345 -0.304045587884091 -0.00388627775224702 -0.213868838663232
-1.51652408943892 83.5349326204404 25.5662926265644 0.87953358547795 0.149436600603614 0.451762519933102 -0.437741490532988 -0.118118949255345 0.891308196581158 0.825280397477601 0.539930142698212 0.195614849877168 -0.452272508747744 -0.00853273430313847 0.226045081209363
-1.49275850266232 83.224703192395 25.9830212527544 0.447379952408404 0.80633384200576 0.386881006795767 -0.43958333773676 -0.17847145683024 0.880292240270862 -0.131993729331377 -0.349694379959807 -0.000982621851236732 0.440978188044116 -0.109547363811106 -0.272895563686227
t = 600000
b = 20 20 20
E = -1.09571182894227 -1.39921873229347 0.303506903351201
0.39257754430006 69.7454999545998 19.3287293362685 -0.624848506511625 0.775259651609727 0.0923948943185817 0.780619275636641 0.622489186633319 0.0560424752230275 0.501707826698524 0.145404975189229 -0.340353450817889 0.324898613064077 -0.228279368387273 -0.652165931862148
0.696113156413364 70.1363668947205 19.0774152227668 -0.421052580464863 0.528693568696363 0.73701956208974 0.788130312739455 0.615445966197757 0.00876771532951295 0.869696959014305 0.182653459039565 0.0701922884002389 0.105763357968559 -0.0833678440315567 -0.228541012443802
0.911837482469966 70.6428024128249 18.9994994271777 -0.355286666404976 0.101946857135068 0.929181480118491 0.613372568038251 0.775525991977715 0.149444064937865 0.565427885311269 0.0201745951459418 -0.151570886671631 -0.187470014019916 0.278093746682332 -0.305337028180246
0.994609778700074 71.2046122655955 19.1067130674338 -0.00380121189637424 -0.420067974157489 0.907484681895711 0.673607444721945 0.66963743937168 0.312791800095441 0.47416346065339 0.0952705043550224 -0.0864113812263147 -0.0329310063653232 -0.281488024799992 0.446074785147229
1.06704820544238 71.6758395313691 19.400026854896 0.439895824520422 -0.797463587249066 0.412969115771828 0.658518953596505 0.599103618583591 0.455442248758527 -0.10822540251323 -0.400177779735669 0.0433139821626768 0.580717596928436 0.100223514764903 0.378604667044055
1.15655574849545 71.927773101778 19.8231432192205 0.738751461144672 -0.647854030142924 -0.185826355192666 0.658694669241346 0.635631148333985 0.402609458384501 -0.446168775640986 0.0107032424422424 0.66861973346325 -0.425064194663016 -0.388078803962376 -0.288339019516819
1.58728506412077 72.1337654356559 20.2376596881026 0.610909021254783 -0.49982972562449 -0.613971019781607 0.771897920701638 0.548408361042529 0.32159270755899 -0.0370243950356572 -0.383149708302723 -0.0872212785492018 -0.464317309825166 0.101465111251159 -0.209051134166503
2.02885842888429 72.2197685801064 20.4714908403416 0.29326940107427 -0.157711460880782 -0.942931680187067 0.882507789499229 0.42395827218401 0.203566659647196 -0.367992034122352 0.0366826492000572 0.445774386640242 -0.102288950027074 -0.31626986353486 0.27232961530693
2.34042520520054 71.9287499353472 19.3474142921009 -0.114342132421114 0.25490286137914 0.960182486829494 -0.66046364192302 -0.741496610238142 0.118197101077422 0.139725880364284 -0.2598209707993 0.151290835309499 0.387434580623236 0.294073271836994 0.404336685728387
2.2811318037302 71.4467954322928 19.5871121815543 -0.638892602678538 0.583080904002146 0.501829554361511 -0.643752192199373 -0.762363463316261 0.066219822100024 -0.545085743908218 -0.329931892889455 0.121671546786893 -0.160250591329564 0.418070965113852 0.239708837047255
1.99165192405305 71.1333274301853 19.8421114925316 -0.735869214137074 0.643359465936055 -0.211151834649274 -0.65755695842644 -0.753394639234491 -0.00391969357385709 0.118664207009488 -0.289337700998924 0.100557756416645 0.121593369828116 0.226398403321961 0.118275986600863
1.54190237497591 70.7934114799714 20.0453270372445 -0.472885067926136 0.798162577298322 -0.373250871041094 -0.82018188589327 -0.553535885413668 -0.144567277112979 -0.286006938670022 -0.216629386184919 -0.35667239515942 0.157091929932911 -0.0879037706927187 0.520897392296258
1.04083018106033 70.701735951744 20.1921719578113 -0.146291488583393 0.488159738146914 -0.86040622407116 -0.861159218917073 -0.490875513185107 -0.132083421478219 -0.204653516258326 0.00505359665612359 0.0142587293547445 -0.572706331917804 -0.766455185153477 -0.121024392385855
0.488246249724099 70.6796165121622 20.1326869952242 0.360401399858027 0.0915927601652412 -0.928289608508938 -0.819496817472499 -0.444276259223092 -0.361999408346454 0.121122594016887 -0.199198567724446 -0.238603543074568 -0.611120825339678 -0.172798002518001 0.340861667565688
0.0933770694909946 70.8314343289581 19.879557541027 0.450096340374152 -0.70079072399326 -0.553448864437198 -0.888676390931155 -0.290748548974651 -0.354569532631722 -0.0942704921236084 0.157189442105418 0.100176034453862 -0.0184756587084461 -0.0128788839718328 0.062496459077799
-0.213828349338758 70.7904268719237 19.4530305466288 0.413064797440308 -0.9056724161088 -0.0955769209341804 -0.843685306443842 -0.341040868797283 -0.414591641860714 0.533006029925137 -0.0952234290589352 0.42101832747594 -0.0256942977427311 -0.00876710953911861 0.277491297736417
t = 700000
b = 20 20 20
E = -1.09246858365467 -1.37143535465859 0.278966771003918
-2.38825369144677 82.0651161869146 36.0357267798714 -0.358753368020281 -0.890872409742232 -0.278643805770421 0.888683498996402 -0.417300789852098 0.19000444573836 -0.0994548920940633 0.380124530662523 0.338840720843768 -0.475216525456378 0.10292145181303 0.803083593295701
-1.97459471827721 81.6850059813917 36.1998690030202 -0.377380174626749 -0.502422363476765 -0.777917715749661 0.828552591085238 -0.55838541968799 -0.0413077097615851 -0.265140469416012 -0.332761935759971 -0.272503474961794 0.0539361080939245 0.102179128095479 -0.196793128623459
-1.6324080439798 81.1714133020586 36.2116435642013 -0.213358481483294 0.0272508157434165 -0.976593851823991 0.702817817772217 -0.690062855126202 -0.172801536442711 -0.32329264726754 0.0271081235242457 0.0817003962849652 0.0485427741601551 -0.234078017855453 -0.0288870795309757
-1.41625109616985 80.7053568703467 36.0410787530982 -0.125806530641668 0.427983760575177 -0.894987495740476 0.862055078184224 -0.399299872689547 -0.312122818529591 0.0727060499577539 -0.230725749392933 0.0461991471107299 0.0940455324784763 0.481950262461816 0.260898201389587
-1.27337452884026 80.2899541798901 35.7372049845366 0.190511912736846 0.80652737165643 -0.559659548184774 0.837703044761483 -0.430795749227008 -0.335661483112632 0.0977608799344681 -0.0856643567724697 0.0240387861483493 0.259057747361068 -0.417813767590695 -0.0868598284087356
-1.05242857846461 80.0797434378154 35.2310217069395 0.406175145576758 0.910030037287343 0.0828678607821312 0.801004982811988 -0.310929045943234 -0.511580048378714 -0.344798354695031 0.123901805112036 -0.0360587855541307 -0.0707420350329435 0.153540947149261 0.0718568660362781
-0.713363736033441 80.1083857075394 34.7728898653644 0.479178183055837 0.501980803365126 0.720002459673712 0.875077313922208 -0.209645480482412 -0.436220663394034 -0.126961715002603 0.323814863676461 -0.536687028382586 -0.0971037312310483 0.0556020116984942 0.0304067659843172
-0.311411206821185 80.2805624516938 34.6043556742521 0.329810212146356 -0.465514810772418 0.821292386982552 0.825548532562003 -0.279774584071021 -0.490097747895842 0.15093868000316 -0.01154732587516 0.437719032518507 -0.384517504000313 -0.230346549246077 -0.591745811863819
0.0235796072556437 80.3221230246421 35.7884558119215 0.0404855376262765 0.0915962281627211 -0.994972890198214 -0.813732604677106 0.580882544241477 0.0203646232709598 -0.30347030384572 0.237634588211612 0.492508530826987 -0.167138679425664 -0.414859331052278 -0.0787665513090575
-0.135765710513374 80.7755655284318 35.6928715684294 -0.417822072027939 -0.44428383703773 -0.792487595028022 -0.826579822731464 0.547926164191867 0.128618487190322 -0.0646973082725254 0.204064833879043 -0.0497198342728628 0.528946216383925 0.0674501274653971 0.541698693291176
-0.484575029830801 81.119989325548 35.4420701339209 -0.495902108200251 -0.853148341624399 -0.161922840470696 -0.867451039842453 0.495299787336297 0.0469767404238955 -0.394094211126582 -0.243676521384604 -0.368683653553164 0.141637996739326 -0.567018825235524 0.0260828004591621
-0.929158158507015 81.3308176366819 35.2023390854996 -0.359265273226176 -0.898555255233927 0.252045465631174 -0.914560238566023 0.392751980495303 0.0965683791470356 0.289088942074458 0.0296079902845584 -0.0568817739916733 0.341514215630238 0.032721542040728 0.277797784960879
-1.4178134718459 81.3102139626263 35.037534418685 -0.040186040367485 -0.586316843209937 0.809084446475101 -0.937613182326503 0.301996799749637 0.1722772569685 -0.319295712115186 0.235589144631565 -0.264727015032287 0.587761703875132 0.449812060823022 0.203616592213368
-1.92473773578285 81.2682168591767 35.0592597303054 0.21721069365278 -0.144563846613748 0.965360455381881 -0.886178123846006 0.385459501348592 0.257117299373029 0.521314311017622 0.440597709294682 0.502449655349913 -0.748859141350217 0.256865223910232 0.18820948125064
-2.40263725407006 81.0621425898812 35.2769016054399 0.321232746544409 0.579706115511235 0.74883265299159 -0.943401742998647 0.264764459852447 0.199732150907474 0.28641204956409 0.10369824547319 -0.0782417863952065 0.293341376289307 -0.401231128388294 0.150036611012559
-2.8268560612208 81.0285764379617 35.7079975180774 0.353349195969329 0.894861693410016 0.272702943466449 -0.909275582336885 0.260003356602693 0.324986414979568 0.535281962666489 0.134126470733869 0.21716502959887 0.190066514298868 -0.386641717900985 -0.0572379343984245
t = 800000
b = 20 20 20
E = -0.978057625295514 -1.31259156809153 0.334533942796015
3.91996182951789 81.7002200269023 37.5389290004093 -0.343157981292375 -0.795437737882619 0.499521175754851 -0.742413349626238 0.555477019223914 0.374523296219182 0.40246747730812 -0.214839697671902 -0.135528316987515 -0.522371365521102 0.292367961807277 -0.287261165949696
3.40661267777696 81.7785444245256 37.5543538246438 0.242682745778991 -0.47076001086795 0.84822762102443 -0.689802754741667 0.531056298318481 0.492088780167776 0.229905068383641 0.0260593584190419 -0.0896762317738704 0.426584283693388 0.633035561423689 -0.144450165258732
2.94961767967356 81.7227120416266 37.8537775698001 0.555711344612657 -0.0219008756477551 0.831086790362253 -0.705152712365526 0.517113926686055 0.485131774954861 -0.113527590215498 0.51979281106108 -0.287631103538495 0.0421775951176038 0.215483548193245 0.117535907472676
2.62010824429036 81.6114172924868 38.2274106920321 0.636151935349732 0.653355167027331 0.41041167243323 -0.736747115369312 0.356396240886266 0.574617618488255 0.10148391222948 -0.0325536430711892 -0.185710957861047 -0.665417224484756 -0.251346539105179 0.0540423880183753
2.3362510910639 81.8397026820874 38.6430461683748 0.785029220657069 0.619176930965241 0.0186829032803846 -0.515996012651383 0.636927547761676 0.57277518611591 0.351274157516357 -0.62323265440507 0.436259522334159 -0.38648225439982 0.437960820843781 -0.4120929930996
2.22824113915409 82.1485197850353 39.1063129901686 0.464532417594096 0.673371534865276 -0.575135122416832 -0.531911010635568 0.731418714340925 0.426728650405049 -0.148047738146963 0.0223292755646539 0.117651799227633 0.011198860278439 0.448493326749217 -0.0525661915921331
2.22219801762149 82.6047502076325 39.3891172571895 0.0341214447768742 0.389841803974498 -0.920249474262432 -0.418442947743176 0.841766339747565 0.341079065250281 0.478836482194726 0.00437293020540442 0.190331018872935 0.144706854917532 -0.585004628595283 0.175244965783758
2.23381921170497 83.1356941325182 39.4269531721854 -0.3612657657362 -0.130275172382105 -0.923317619223121 -0.563871582403854 0.819154383421594 0.105047297340463 -0.218133517886216 -0.103119817400286 -0.0326287691438197 0.508610056174789 0.150881727698138 0.369808243143485
1.74259621339668 82.8604753387882 38.422899538256 0.314229853994492 0.238378716845877 0.918931545988899 0.839976427377079 -0.520865542633607 -0.152114062294885 0.20118122687278 0.0246257907786912 0.298162873300865 0.43718118410019 -0.563594241222919 -0.20619584333805
2.28135238901657 82.9356127542218 38.2740535603661 -0.0493323939924544 -0.267134849436573 0.962395598036182 0.817869279433586 -0.563877862097481 -0.114593186512615 -0.44271153008488 -0.717617278516306 -0.519698769858153 -0.0289446086123446 0.28897652677818 0.189894025825286
2.78367210491972 82.9165386901295 38.4611632583088 -0.430189737366486 -0.684200062888035 0.588903272030831 0.769964795270884 -0.618646667351137 -0.156302639193451 -0.0447746408193286 0.168942759242141 0.224507419816496 0.258688776688631 -0.203805739613909 0.183479731433835
3.21751579596666 82.682376379506 38.6857560707908 -0.644504318064684 -0.763974102533312 -0.0309476114498094 0.734897832339516 -0.607787321080488 -0.300865000218563 -0.386343386987329 0.36467870231436 -0.378962374212538 -0.06545254857674 -0.251401236839365 0.232755388230365
3.47787889462481 82.2010949319665 38.8292178479171 -0.706624779644152 -0.39446273272297 -0.587435590754891 0.65118093850487 -0.687340608343843 -0.321754989781667 0.301640147647971 -0.219821534306255 -0.575091066886013 -0.361304800645572 -0.0666611955729018 0.124506985151973
3.72284691928034 81.7759652354124 38.7349608823742 -0.72678368270306 -0.126317260806833 -0.675151411298839 0.565126097981235 -0.668663482284445 -0.483240769016582 -0.627116852457758 -0.181015368779192 -0.38953146722571 -0.0604521540697979 -0.486652693311474 -0.334690338130607
3.77031482504254 81.2501932761703 38.6329390212065 -0.29769356433082 0.471644636475387 -0.830017998985607 0.537306320314512 -0.63587987036644 -0.554038544338635 -0.601071109597632 -0.134400827291424 0.390510418555651 0.30703878481977 0.251216572124243 0.175216030544612
4.0859510140168 80.836293126409 38.318752029434 -0.218230911920582 0.837268471590074 -0.501354939701909 0.391181452788515 -0.395608863586023 -0.830945664918251 -0.0152987975972399 0.107912493431583 0.859464390502351 -0.254858733493836 0.260329820926395 0.303874741307202
t = 900000
b = 20 20 20
E = -1.07775082685273 -1.38763438727716 0.309883560424432
0.774693101495192 75.2757156958449 49.4674985613758 0.642080890392831 -0.101108854692165 -0.759940214553214 -0.184949429031736 0.941557170527694 -0.28153828039669 0.00823773728095969 0.115730555289971 0.0639735870554315 0.428298476608515 0.252909136426419 0.00533575862743636
0.996152867227906 75.7864032418111 49.469856158511 -0.0756946143018429 -0.40376902641437 -0.911724135182384 -0.0553547290271221 0.914638911594302 -0.400464124949986 0.609158154549889 -0.321611966305316 0.00220036109925662 0.14294516864513 -0.0591706802709443 0.148534639568074
1.13343141112926 76.2435758338746 49.1549600719947 -0.588206643160683 -0.473104279514966 -0.65588511619514 -0.349987122504446 0.880062339517234 -0.320935028696635 0.44446069388323 0.645318057690331 -0.251455176418988 -0.0855858809316074 -0.211989106577576 -0.0970971346293695
1.09471441911624 76.5782708399167 48.7787003424973 -0.881213632309641 -0.472053956882505 0.0250518666617923 -0.470973333602441 0.87217791922703 -0.132248993373301 -0.451104299859358 0.0723734737275098 0.61757398978164 -0.440967582553761 -0.332345229273119 0.172180106825597
0.774990808253674 77.0042639665036 48.5102634292828 -0.77050502659575 -0.552657201230478 0.317635045167795 -0.62771535716446 0.744527434210149 -0.227271489827362 -0.155568499367256 0.498445804510818 0.368460819023757 0.33949742511222 -0.519463491835311 -0.253326257946145
0.357195132447865 77.2327463962831 48.213385423803 -0.506631121708307 -0.456982966049756 0.731089238914752 -0.801066105717479 0.563034822147994 -0.203186818763977 0.0529563821958257 0.17333632636936 -0.0802181369075751 -0.678185915921465 -0.499139806411047 -0.423976106717404
-0.119220505530308 77.1882910253833 48.0630298406401 -0.0533940590617939 0.131507426116685 0.989876189901082 -0.715346639396053 0.686607796020927 -0.129803389586291 0.346838361530142 -0.225985150964293 -0.282223865676438 -0.131016470340756 -0.399533021592548 0.0133995538492953
-0.635568851384449 77.209009086079 48.1750439264222 0.419790842734324 0.638723540285586 0.644831673726891 -0.730091080335528 0.659714057266148 -0.178169517763195 -0.000111867005028086 0.311017226266248 0.646849213960946 -0.264438102059908 0.26689566955035 0.205538708359365
-0.217396188908365 77.8746570585488 49.0473107953383 -0.388587981912474 -0.560242334355143 -0.731524372191025 0.40664611920795 -0.816691216808823 0.409456212702257 -0.0974802098880236 0.452640471227006 -0.374162595717485 0.012401212566057 0.265897994530465 0.222687185560848
-0.240348990466365 77.3404488945501 49.1985860353137 0.149721946670286 -0.170339238939771 -0.973944496551357 0.34092755992206 -0.915741523478055 0.21256966167267 0.319425080791548 -0.210103016448035 0.106855698642574 -0.00183080552416868 0.0889527400475777 -0.242472389889167
-0.178868606643452 76.8616983656411 49.2011949694254 0.423711465537568 0.230064311339385 -0.876093035367761 0.518814887218364 -0.854474819384186 0.0265310353914253 -0.00720716827908537 0.131871772730264 -0.7879907249225 -0.126291272093699 0.00972937675633875 0.250476992620646
-0.190899248403893 76.3907189165261 48.9279578362185 0.831738581520353 0.465336741150334 -0.302774915318486 0.453662501424929 -0.884048576810752 -0.112465321943028 0.027013702327552 -0.171737096133053 0.605177500947491 -0.252229541981935 0.354498151257911 -0.649040614317454
0.100727333990095 76.0303669972699 48.6117734627679 0.797441033946898 0.491216873414997 0.350419435320201 0.572402740342346 -0.799572927850297 -0.181764231623064 0.441686850266549 -0.181088402698913 0.177726067203182 0.395602334773244 -0.0810555193328273 -0.0917796027980743
0.446934829086376 75.633809847812 48.3696887219154 0.523684458651189 0.469068531225493 0.711146469288299 0.487881413837018 -0.849448757874844 0.201018739865944 0.399407943122723 0.0858779170475536 -0.100266946792332 0.716666762799676 -0.307086410104475 0.0471021083678033
0.931972662281665 75.3429993746008 48.339413087297 0.0523728539308917 0.359572456077745 0.931646248852712 0.52449623698094 -0.803795358750922 0.280743154223351 -0.139944072750278 -0.301509141758736 -0.183648318315017 -0.0528451162575414 -0.306436278272263 0.342019415210094
1.45236992324573 75.2202714969651 48.4286393999936 -0.599382175105515 -0.0111049965443033 0.800385961407066 0.504633795583617 -0.781415751870253 0.367061514032551 0.128316796540204 -0.338131501558413 0.298626952332233 -0.333702082943666 -0.0494131480560379 -0.47100059551253
t = 1000000
b = 20 20 20
E = -1.0974070851568 -1.39595583524667 0.298548750089874
20.7000645460156 89.7936184440168 45.0523036106477 -0.320550945245823 0.919316478768013 -0.22826367071348 -0.818096431388334 -0.147224651747518 0.555916478319806 -0.116547587326012 -0.0747940521509513 -0.0745874475425177 -0.546582105048978 0.0182949885287311 -0.197462732335309
20.5502920011409 89.8763781343862 45.440874139785 -0.682135752878631 0.29537595898743 -0.668912443819787 -0.728701956856959 -0.350530421271443 0.588321240340771 0.304505526980016 -0.444633516831418 -0.0316708438755857 0.559835297181411 -0.0697049034727696 0.726571150467568
20.0342504102657 89.9134552507497 45.7648906894148 -0.429734148823437 -0.00817459206331648 -0.902918455553764 -0.893038503590421 -0.143946515246433 0.42633511684283 -0.125592627663877 -0.177653229306761 0.146784898570059 0.105114850809314 -0.0450895656407495 0.439624330063611
19.6103502321501 90.1302281179285 45.9234938074078 -0.270153465150608 -0.430729420135146 -0.8610977133271 -0.913384034751874 -0.168235856632178 0.370710536137867 -0.344044222347593 -0.0452547570177717 0.0648420501196526 -0.0370804846067613 0.0960209475347234 -0.422044694729576
19.0714123604509 90.2163571001546 45.8638807981065 0.0296350668077975 -0.922220700154995 -0.38552657887742 -0.806305939379092 -0.250008054329181 0.536065951998948 -0.645393408532539 0.392748355840241 0.252200505168763 0.0338170865289099 -0.26884372175288 0.496590282538126
18.6209890823576 90.0378419441557 45.854746089005 0.404740204668543 -0.913800296319348 0.0339762442235305 -0.782211923921194 -0.326733886665336 0.530461566355253 -0.292445575168044 0.179131895155029 -0.404274059306373 -0.354660790073919 0.211199819278598 0.216979971822588
18.2168490347386 89.7510178162645 45.804979296484 0.633648480733877 -0.57197772102469 0.520894509008351 -0.772181795105374 -0.426564049710025 0.470933526947091 -0.31505170312036 -0.328171497737958 0.138969927953016 0.0785697537927637 -0.0680395418330431 0.0169640529747731
17.9675286330948 89.2263576430718 45.8741596247524 0.540722935638278 -0.0763395144789728 0.837729661289271 -0.763113058939368 -0.463541348397555 0.450319750401841 -0.309913778902944 0.470906882701393 -0.372349822200709 0.358309018839087 -0.0280562421142214 0.0399973196956912
18.6500581122673 89.1302522678947 46.8655601123951 -0.555856008039485 0.0123670323666702 -0.831186594476144 0.818483761246432 0.182898744395255 -0.544639680774853 0.178628563677747 -0.0415638004537445 0.163319870719761 0.116365975138144 0.064261555467563 -0.445752997372158
18.9640573207847 89.0380936560169 46.4015686073798 -0.638283543557796 0.594000865742271 -0.489649966323634 0.691091624528471 0.161970101461231 -0.704384875433337 -0.00781117171414608 0.493238124230151 0.137881291853351 -0.246392299417786 -0.0763456671627741 0.257134278952857
19.1046841953297 88.9375704059612 45.9013264793302 -0.320332150213857 0.946172137707762 -0.046320614901905 0.681140021108352 0.196070000413617 -0.705411104663315 0.0890578974835006 -0.463717846378335 0.159672528461342 -0.773785002687548 -0.00697021037961888 0.177669636582415
19.1520162610674 89.1129806744846 45.4032742163108 -0.000194795401400209 0.887743255471106 0.460338869117429 0.651513633267991 0.349342731529578 -0.673416395399901 -0.284339552010918 0.0886338137808276 -0.452884206853221 0.0483608826917008 -0.242499814566623 0.496917187500217
19.35244513092 89.4474133396757 44.9748289085603 0.237998825036629 0.575927888981131 0.782089269824693 0.58087969432217 0.560945347020609 -0.589846673619604 0.0670409408792273 -0.0357767797407272 -0.510717823085095 0.22013611247217 0.398002583769997 0.0964399623136759
19.4941545807547 89.8883499171746 44.6788605159853 0.461290181562713 0.0777614661504124 0.883835121940726 0.712617494548249 0.560977554401621 -0.421284333819041 0.077906305918126 0.0301171760505337 0.673673255919724 0.560855391704241 -0.172666192344581 -0.180089001396853
19.7212041166655 90.3512114577774 44.5859756522494 0.61258955755162 -0.412380446822085 0.674296968002621 0.774163232494847 0.485079375643923 -0.406656229237954 0.544873049479108 -0.497813296283076 0.414856128850114 0.0402505454728978 0.270714536920856 -0.374252703148064
20.165992688275 90.7167892771325 44.6671050723213 0.44350248035519 -0.801692484153388 0.400742698961272 0.881773941803265 0.310184382755341 -0.355331344313192 -0.139375171564837 0.543870052433099 0.0813734533214932 -0.0214044972884338 -0.510210037730381 -0.447089748463195
