        0.0000  -1.345520   0.309947  -1.035573 
        5.0000  -1.381965   0.345533  -1.036432 
       10.0000  -1.413089   0.368909  -1.044180 
       15.0000  -1.342033   0.309876  -1.032157 
       20.0000  -1.320343   0.278240  -1.042103 
       25.0000  -1.384856   0.353730  -1.031126 
       30.0000  -1.385779   0.336054  -1.049725 
       35.0000  -1.378071   0.301307  -1.076763 
       40.0000  -1.334923   0.260652  -1.074271 
       45.0000  -1.372579   0.311230  -1.061350 
       50.0000  -1.419179   0.365335  -1.053845 
       55.0000  -1.418580   0.354134  -1.064446 
       60.0000  -1.386154   0.323052  -1.063102 
       65.0000  -1.360148   0.334732  -1.025417 
       70.0000  -1.421526   0.396995  -1.024531 
       75.0000  -1.373024   0.320928  -1.052096 
       80.0000  -1.385336   0.307574  -1.077762 
       85.0000  -1.363743   0.307791  -1.055952 
       90.0000  -1.399742   0.318375  -1.081366 
       95.0000  -1.363461   0.292816  -1.070645 
      100.0000  -1.374166   0.307313  -1.066854 
      105.0000  -1.393734   0.296881  -1.096853 
      110.0000  -1.405244   0.317606  -1.087638 
      115.0000  -1.324094   0.236012  -1.088082 
      120.0000  -1.441452   0.333388  -1.108064 
      125.0000  -1.372981   0.260724  -1.112257 
      130.0000  -1.317911   0.209660  -1.108251 
      135.0000  -1.396219   0.279845  -1.116374 
      140.0000  -1.410646   0.311262  -1.099384 
      145.0000  -1.443476   0.351949  -1.091527 
      150.0000  -1.393804   0.286239  -1.107565 
      155.0000  -1.364488   0.244721  -1.119767 
      160.0000  -1.410242   0.295365  -1.114877 
      165.0000  -1.376477   0.280849  -1.095629 
      170.0000  -1.396298   0.294758  -1.101540 
      175.0000  -1.365473   0.251966  -1.113507 
      180.0000  -1.351276   0.257175  -1.094101 
      185.0000  -1.435463   0.315548  -1.119915 
      190.0000  -1.418391   0.308293  -1.110098 
      195.0000  -1.412431   0.302656  -1.109774 
      200.0000  -1.384846   0.259163  -1.125683 
      205.0000  -1.383183   0.277280  -1.105903 
      210.0000  -1.360826   0.254345  -1.106481 
      215.0000  -1.444369   0.333033  -1.111336 
      220.0000  -1.384001   0.272123  -1.111877 
      225.0000  -1.347019   0.231470  -1.115550 
      230.0000  -1.401330   0.298918  -1.102412 
      235.0000  -1.374623   0.257009  -1.117614 
      240.0000  -1.452287   0.268676  -1.183611 
      245.0000  -1.407190   0.229714  -1.177476 
      250.0000  -1.433278   0.251981  -1.181298 
      255.0000  -1.396634   0.211695  -1.184940 
      260.0000  -1.449224   0.265436  -1.183789 
      265.0000  -1.440022   0.250707  -1.189315 
      270.0000  -1.424785   0.285370  -1.139416 
      275.0000  -1.481655   0.296953  -1.184703 
      280.0000  -1.446534   0.290120  -1.156413 
      285.0000  -1.435726   0.314892  -1.120833 
      290.0000  -1.373959   0.247802  -1.126156 
      295.0000  -1.352161   0.207826  -1.144335 
      300.0000  -1.385659   0.233370  -1.152289 
      305.0000  -1.431890   0.279892  -1.151997 
      310.0000  -1.434657   0.284149  -1.150508 
      315.0000  -1.421097   0.286736  -1.134362 
      320.0000  -1.430494   0.283027  -1.147467 
      325.0000  -1.416620   0.260294  -1.156326 
      330.0000  -1.427337   0.268974  -1.158363 
      335.0000  -1.459711   0.294414  -1.165297 
      340.0000  -1.435561   0.273226  -1.162334 
      345.0000  -1.416677   0.276398  -1.140279 
      350.0000  -1.405191   0.288904  -1.116287 
      355.0000  -1.354813   0.213573  -1.141240 
      360.0000  -1.414749   0.302703  -1.112046 
      365.0000  -1.374131   0.269152  -1.104979 
      370.0000  -1.369465   0.274853  -1.094611 
      375.0000  -1.387510   0.247283  -1.140228 
      380.0000  -1.469207   0.302476  -1.166730 
      385.0000  -1.416629   0.271365  -1.145264 
      390.0000  -1.438136   0.294871  -1.143265 
      395.0000  -1.403285   0.254266  -1.149018 
      400.0000  -1.437846   0.250273  -1.187573 
      405.0000  -1.477119   0.275700  -1.201419 
      410.0000  -1.456438   0.248059  -1.208379 
      415.0000  -1.460584   0.258214  -1.202371 
      420.0000  -1.445519   0.243288  -1.202231 
      425.0000  -1.427598   0.229298  -1.198300 
      430.0000  -1.390273   0.210382  -1.179891 
      435.0000  -1.409902   0.248558  -1.161344 
      440.0000  -1.405906   0.257846  -1.148060 
      445.0000  -1.382433   0.247781  -1.134653 
      450.0000  -1.416601   0.280381  -1.136220 
      455.0000  -1.377764   0.249756  -1.128008 
      460.0000  -1.409816   0.293189  -1.116627 
      465.0000  -1.361974   0.219814  -1.142160 
      470.0000  -1.383660   0.264913  -1.118747 
      475.0000  -1.445339   0.321822  -1.123517 
      480.0000  -1.373618   0.244651  -1.128967 
      485.0000  -1.358452   0.254638  -1.103814 
      490.0000  -1.464921   0.356722  -1.108199 
      495.0000  -1.380722   0.267295  -1.113426 
      500.0000  -1.394466   0.297069  -1.097398 
      505.0000  -1.343125   0.262304  -1.080821 
      510.0000  -1.363957   0.324958  -1.038999 
      515.0000  -1.354154   0.301680  -1.052474 
      520.0000  -1.403318   0.347667  -1.055652 
      525.0000  -1.356913   0.291758  -1.065155 
      530.0000  -1.414459   0.330194  -1.084265 
      535.0000  -1.384394   0.292864  -1.091530 
      540.0000  -1.364430   0.265559  -1.098870 
      545.0000  -1.398462   0.288311  -1.110151 
      550.0000  -1.410637   0.279876  -1.130761 
      555.0000  -1.435452   0.318223  -1.117229 
      560.0000  -1.422977   0.304297  -1.118680 
      565.0000  -1.386983   0.292022  -1.094961 
      570.0000  -1.359677   0.267799  -1.091877 
      575.0000  -1.372753   0.261684  -1.111069 
      580.0000  -1.463696   0.346155  -1.117541 
      585.0000  -1.432166   0.259936  -1.172229 
      590.0000  -1.438410   0.259373  -1.179036 
      595.0000  -1.472848   0.317925  -1.154923 
      600.0000  -1.390110   0.258850  -1.131260 
      605.0000  -1.411991   0.285765  -1.126226 
      610.0000  -1.460140   0.322746  -1.137394 
      615.0000  -1.407056   0.297398  -1.109658 
      620.0000  -1.413021   0.294908  -1.118113 
      625.0000  -1.403850   0.295180  -1.108670 
      630.0000  -1.416028   0.302605  -1.113423 
      635.0000  -1.424884   0.306009  -1.118875 
      640.0000  -1.377693   0.257947  -1.119746 
      645.0000  -1.373603   0.278322  -1.095281 
      650.0000  -1.407311   0.297301  -1.110010 
      655.0000  -1.415713   0.312271  -1.103442 
      660.0000  -1.414354   0.316163  -1.098191 
      665.0000  -1.395330   0.319373  -1.075957 
      670.0000  -1.331722   0.241079  -1.090643 
      675.0000  -1.380364   0.289803  -1.090562 
      680.0000  -1.348244   0.244682  -1.103562 
      685.0000  -1.398854   0.284831  -1.114023 
      690.0000  -1.429863   0.326150  -1.103714 
      695.0000  -1.389490   0.291640  -1.097849 
      700.0000  -1.462107   0.354074  -1.108033 
      705.0000  -1.386514   0.278565  -1.107949 
      710.0000  -1.434916   0.274404  -1.160512 
      715.0000  -1.382584   0.260556  -1.122029 
      720.0000  -1.356376   0.240923  -1.115452 
      725.0000  -1.365759   0.248462  -1.117297 
      730.0000  -1.339727   0.236377  -1.103349 
      735.0000  -1.424744   0.352678  -1.072066 
      740.0000  -1.367214   0.279985  -1.087229 
      745.0000  -1.376115   0.289786  -1.086329 
      750.0000  -1.355827   0.259662  -1.096165 
      755.0000  -1.347902   0.296660  -1.051242 
      760.0000  -1.333012   0.256627  -1.076385 
      765.0000  -1.306684   0.248100  -1.058584 
      770.0000  -1.372135   0.300726  -1.071409 
      775.0000  -1.329750   0.293346  -1.036404 
      780.0000  -1.404196   0.349949  -1.054248 
      785.0000  -1.335360   0.272077  -1.063283 
      790.0000  -1.374170   0.324830  -1.049339 
      795.0000  -1.369820   0.323083  -1.046738 
      800.0000  -1.317473   0.261900  -1.055574 
      805.0000  -1.282927   0.228277  -1.054650 
      810.0000  -1.383659   0.368646  -1.015013 
      815.0000  -1.264867   0.249136  -1.015730 
      820.0000  -1.334835   0.321935  -1.012900 
      825.0000  -1.337180   0.325070  -1.012110 
      830.0000  -1.423220   0.401482  -1.021738 
      835.0000  -1.380197   0.317996  -1.062201 
      840.0000  -1.433494   0.343988  -1.089507 
      845.0000  -1.393355   0.299267  -1.094088 
      850.0000  -1.441103   0.311278  -1.129826 
      855.0000  -1.422489   0.292525  -1.129963 
      860.0000  -1.428174   0.286773  -1.141400 
      865.0000  -1.415120   0.289863  -1.125257 
      870.0000  -1.359736   0.252076  -1.107660 
      875.0000  -1.358180   0.244663  -1.113517 
      880.0000  -1.384267   0.259294  -1.124973 
      885.0000  -1.422680   0.295014  -1.127665 
      890.0000  -1.460457   0.326358  -1.134099 
      895.0000  -1.413223   0.267706  -1.145517 
      900.0000  -1.395607   0.232495  -1.163112 
      905.0000  -1.472124   0.307307  -1.164818 
      910.0000  -1.475516   0.312735  -1.162782 
      915.0000  -1.460947   0.289365  -1.171582 
      920.0000  -1.438381   0.247612  -1.190769 
      925.0000  -1.431865   0.273844  -1.158020 
      930.0000  -1.385560   0.212338  -1.173221 
      935.0000  -1.414601   0.263901  -1.150700 
      940.0000  -1.409193   0.244633  -1.164561 
      945.0000  -1.403141   0.225428  -1.177713 
      950.0000  -1.384839   0.242119  -1.142720 
      955.0000  -1.426068   0.282488  -1.143580 
      960.0000  -1.351821   0.221618  -1.130203 
      965.0000  -1.417887   0.291610  -1.126276 
      970.0000  -1.370210   0.264573  -1.105637 
      975.0000  -1.413522   0.302435  -1.111087 
      980.0000  -1.387262   0.258018  -1.129244 
      985.0000  -1.418904   0.286395  -1.132509 
      990.0000  -1.339846   0.206894  -1.132952 
      995.0000  -1.369146   0.242077  -1.127069 
     1000.0000  -1.380419   0.254108  -1.126310 
     1005.0000  -1.411880   0.266043  -1.145836 
     1010.0000  -1.420249   0.301948  -1.118301 
     1015.0000  -1.369498   0.249283  -1.120214 
     1020.0000  -1.454006   0.333728  -1.120278 
     1025.0000  -1.455023   0.347911  -1.107112 
     1030.0000  -1.406738   0.323923  -1.082815 
     1035.0000  -1.415033   0.241661  -1.173372 
     1040.0000  -1.431477   0.239293  -1.192184 
     1045.0000  -1.457921   0.265603  -1.192318 
     1050.0000  -1.391197   0.225813  -1.165384 
     1055.0000  -1.433794   0.241538  -1.192256 
     1060.0000  -1.464423   0.286234  -1.178189 
     1065.0000  -1.428849   0.256142  -1.172707 
     1070.0000  -1.448308   0.286772  -1.161536 
     1075.0000  -1.455617   0.277024  -1.178593 
     1080.0000  -1.413256   0.245474  -1.167782 
     1085.0000  -1.432147   0.235648  -1.196499 
     1090.0000  -1.441295   0.243621  -1.197674 
     1095.0000  -1.359707   0.195580  -1.164127 
     1100.0000  -1.399557   0.246695  -1.152862 
     1105.0000  -1.392651   0.217329  -1.175322 
     1110.0000  -1.461318   0.243220  -1.218097 
     1115.0000  -1.380000   0.189678  -1.190322 
     1120.0000  -1.413434   0.235277  -1.178157 
     1125.0000  -1.425683   0.239101  -1.186583 
     1130.0000  -1.495967   0.298745  -1.197222 
     1135.0000  -1.408249   0.207639  -1.200610 
     1140.0000  -1.447325   0.255452  -1.191873 
     1145.0000  -1.466207   0.284183  -1.182024 
     1150.0000  -1.476068   0.328117  -1.147951 
     1155.0000  -1.422728   0.260904  -1.161824 
     1160.0000  -1.422846   0.294516  -1.128330 
     1165.0000  -1.447628   0.312763  -1.134865 
     1170.0000  -1.440496   0.284425  -1.156071 
     1175.0000  -1.439264   0.286474  -1.152790 
     1180.0000  -1.433791   0.274957  -1.158835 
     1185.0000  -1.433705   0.255913  -1.177792 
     1190.0000  -1.427860   0.285234  -1.142626 
     1195.0000  -1.432214   0.250816  -1.181398 
     1200.0000  -1.468822   0.299199  -1.169623 
     1205.0000  -1.464630   0.314044  -1.150587 
     1210.0000  -1.459930   0.309593  -1.150337 
     1215.0000  -1.455943   0.290537  -1.165406 
     1220.0000  -1.421220   0.255897  -1.165323 
     1225.0000  -1.453937   0.287329  -1.166608 
     1230.0000  -1.434717   0.269006  -1.165712 
     1235.0000  -1.422603   0.303606  -1.118998 
     1240.0000  -1.404580   0.266687  -1.137893 
     1245.0000  -1.419618   0.284560  -1.135058 
     1250.0000  -1.458688   0.332569  -1.126118 
     1255.0000  -1.301492   0.235052  -1.066439 
     1260.0000  -1.369586   0.314244  -1.055342 
     1265.0000  -1.385283   0.336186  -1.049097 
     1270.0000  -1.315531   0.260289  -1.055243 
     1275.0000  -1.346498   0.305004  -1.041494 
     1280.0000  -1.376242   0.350311  -1.025931 
     1285.0000  -1.330886   0.292824  -1.038062 
     1290.0000  -1.400330   0.352947  -1.047383 
     1295.0000  -1.307407   0.239999  -1.067408 
     1300.0000  -1.287839   0.219394  -1.068445 
     1305.0000  -1.365437   0.288390  -1.077047 
     1310.0000  -1.302952   0.215735  -1.087217 
     1315.0000  -1.356983   0.270072  -1.086910 
     1320.0000  -1.361287   0.294294  -1.066993 
     1325.0000  -1.448263   0.316082  -1.132181 
     1330.0000  -1.358900   0.247681  -1.111219 
     1335.0000  -1.369744   0.265404  -1.104340 
     1340.0000  -1.435309   0.299933  -1.135376 
     1345.0000  -1.446213   0.276451  -1.169762 
     1350.0000  -1.398534   0.243717  -1.154817 
     1355.0000  -1.449373   0.281885  -1.167488 
     1360.0000  -1.465028   0.292137  -1.172891 
     1365.0000  -1.435646   0.294920  -1.140726 
     1370.0000  -1.412240   0.223601  -1.188639 
     1375.0000  -1.459903   0.250694  -1.209209 
     1380.0000  -1.421858   0.230593  -1.191264 
     1385.0000  -1.398941   0.194154  -1.204787 
     1390.0000  -1.398332   0.261692  -1.136640 
     1395.0000  -1.456702   0.304063  -1.152639 
     1400.0000  -1.437152   0.276829  -1.160323 
     1405.0000  -1.461075   0.283487  -1.177588 
     1410.0000  -1.447926   0.276534  -1.171392 
     1415.0000  -1.430641   0.247362  -1.183279 
     1420.0000  -1.426805   0.222674  -1.204131 
     1425.0000  -1.433098   0.248221  -1.184876 
     1430.0000  -1.387442   0.226069  -1.161373 
     1435.0000  -1.432039   0.285660  -1.146378 
     1440.0000  -1.411741   0.272751  -1.138990 
     1445.0000  -1.428955   0.288554  -1.140401 
     1450.0000  -1.392288   0.267035  -1.125253 
     1455.0000  -1.429059   0.282310  -1.146749 
     1460.0000  -1.446562   0.314118  -1.132444 
     1465.0000  -1.428080   0.300118  -1.127962 
     1470.0000  -1.386085   0.299097  -1.086988 
     1475.0000  -1.393963   0.321199  -1.072763 
     1480.0000  -1.454525   0.373710  -1.080815 
     1485.0000  -1.327413   0.276091  -1.051322 
     1490.0000  -1.356263   0.290389  -1.065874 
     1495.0000  -1.387446   0.305166  -1.082280 
     1500.0000  -1.405839   0.293837  -1.112003 
     1505.0000  -1.389607   0.271291  -1.118317 
     1510.0000  -1.434257   0.308666  -1.125591 
     1515.0000  -1.408487   0.270189  -1.138298 
     1520.0000  -1.358617   0.251641  -1.106976 
     1525.0000  -1.400382   0.310051  -1.090331 
     1530.0000  -1.336157   0.250104  -1.086053 
     1535.0000  -1.365506   0.294795  -1.070711 
     1540.0000  -1.373809   0.315227  -1.058582 
     1545.0000  -1.348236   0.277430  -1.070806 
     1550.0000  -1.389705   0.340069  -1.049636 
     1555.0000  -1.403648   0.329415  -1.074233 
     1560.0000  -1.325567   0.261233  -1.064334 
     1565.0000  -1.312837   0.258430  -1.054406 
     1570.0000  -1.361965   0.292435  -1.069530 
     1575.0000  -1.400526   0.289460  -1.111066 
     1580.0000  -1.338962   0.234057  -1.104905 
     1585.0000  -1.402337   0.318993  -1.083344 
     1590.0000  -1.343496   0.261989  -1.081508 
     1595.0000  -1.366316   0.274283  -1.092033 
     1600.0000  -1.394942   0.328212  -1.066730 
     1605.0000  -1.428295   0.351086  -1.077209 
     1610.0000  -1.338140   0.247893  -1.090248 
     1615.0000  -1.398939   0.309849  -1.089090 
     1620.0000  -1.368843   0.260770  -1.108073 
     1625.0000  -1.365413   0.264917  -1.100496 
     1630.0000  -1.415935   0.301527  -1.114408 
     1635.0000  -1.368371   0.254761  -1.113610 
     1640.0000  -1.372573   0.239804  -1.132769 
     1645.0000  -1.497509   0.334308  -1.163202 
     1650.0000  -1.458549   0.286689  -1.171860 
     1655.0000  -1.379790   0.253026  -1.126764 
     1660.0000  -1.394990   0.278289  -1.116701 
     1665.0000  -1.388259   0.270526  -1.117733 
     1670.0000  -1.376667   0.264169  -1.112498 
     1675.0000  -1.381508   0.298001  -1.083506 
     1680.0000  -1.412483   0.319876  -1.092607 
     1685.0000  -1.347155   0.294005  -1.053149 
     1690.0000  -1.348977   0.300257  -1.048719 
     1695.0000  -1.407286   0.385021  -1.022265 
     1700.0000  -1.252687   0.226288  -1.026399 
     1705.0000  -1.327837   0.297029  -1.030807 
     1710.0000  -1.430586   0.359150  -1.071437 
     1715.0000  -1.385281   0.333954  -1.051327 
     1720.0000  -1.357205   0.324024  -1.033181 
     1725.0000  -1.374534   0.346081  -1.028453 
     1730.0000  -1.344737   0.305239  -1.039497 
     1735.0000  -1.396071   0.351564  -1.044507 
     1740.0000  -1.235728   0.244326  -0.991402 
     1745.0000  -1.202169   0.205476  -0.996693 
     1750.0000  -1.318726   0.308860  -1.009866 
     1755.0000  -1.306236   0.282513  -1.023723 
     1760.0000  -1.386573   0.369027  -1.017546 
     1765.0000  -1.375628   0.359719  -1.015909 
     1770.0000  -1.359889   0.340693  -1.019196 
     1775.0000  -1.378104   0.353796  -1.024308 
     1780.0000  -1.348713   0.297164  -1.051549 
     1785.0000  -1.351538   0.296271  -1.055267 
     1790.0000  -1.357320   0.303274  -1.054045 
     1795.0000  -1.383936   0.288618  -1.095318 
     1800.0000  -1.447292   0.327187  -1.120105 
     1805.0000  -1.344772   0.216295  -1.128477 
     1810.0000  -1.437036   0.322916  -1.114120 
     1815.0000  -1.368436   0.278590  -1.089846 
     1820.0000  -1.396678   0.305257  -1.091421 
     1825.0000  -1.342089   0.243903  -1.098186 
     1830.0000  -1.384817   0.297702  -1.087115 
     1835.0000  -1.380491   0.291844  -1.088647 
     1840.0000  -1.382458   0.287270  -1.095188 
     1845.0000  -1.375244   0.263820  -1.111424 
     1850.0000  -1.407010   0.284639  -1.122371 
     1855.0000  -1.408591   0.293035  -1.115556 
     1860.0000  -1.425683   0.324707  -1.100977 
     1865.0000  -1.413143   0.327987  -1.085156 
     1870.0000  -1.381751   0.309448  -1.072302 
     1875.0000  -1.375465   0.317068  -1.058396 
     1880.0000  -1.361813   0.280999  -1.080814 
     1885.0000  -1.357107   0.295701  -1.061407 
     1890.0000  -1.393059   0.316267  -1.076792 
     1895.0000  -1.360993   0.277284  -1.083709 
     1900.0000  -1.375207   0.310057  -1.065149 
     1905.0000  -1.365481   0.292611  -1.072869 
     1910.0000  -1.405454   0.275313  -1.130142 
     1915.0000  -1.402623   0.273223  -1.129400 
     1920.0000  -1.340353   0.208391  -1.131962 
     1925.0000  -1.403054   0.281239  -1.121815 
     1930.0000  -1.453038   0.312825  -1.140213 
     1935.0000  -1.443040   0.283441  -1.159599 
     1940.0000  -1.418591   0.260575  -1.158016 
     1945.0000  -1.367077   0.245631  -1.121447 
     1950.0000  -1.365977   0.255905  -1.110072 
     1955.0000  -1.436345   0.283811  -1.152534 
     1960.0000  -1.416128   0.274064  -1.142064 
     1965.0000  -1.421533   0.266703  -1.154830 
     1970.0000  -1.381231   0.232866  -1.148365 
     1975.0000  -1.414549   0.266824  -1.147725 
     1980.0000  -1.387155   0.246349  -1.140807 
     1985.0000  -1.375589   0.262610  -1.112979 
     1990.0000  -1.351320   0.269878  -1.081442 
     1995.0000  -1.308720   0.248675  -1.060045 
     2000.0000  -1.362818   0.270382  -1.092436 
     2005.0000  -1.402025   0.301785  -1.100240 
     2010.0000  -1.374289   0.276896  -1.097392 
     2015.0000  -1.321302   0.246621  -1.074681 
     2020.0000  -1.382575   0.325939  -1.056636 
     2025.0000  -1.392908   0.339147  -1.053761 
     2030.0000  -1.415722   0.366073  -1.049649 
     2035.0000  -1.393366   0.357319  -1.036047 
     2040.0000  -1.377624   0.313336  -1.064288 
     2045.0000  -1.336424   0.276780  -1.059644 
     2050.0000  -1.345907   0.297471  -1.048437 
     2055.0000  -1.377714   0.320140  -1.057574 
     2060.0000  -1.374826   0.315172  -1.059654 
     2065.0000  -1.380390   0.319311  -1.061080 
     2070.0000  -1.416774   0.325625  -1.091149 
     2075.0000  -1.287020   0.185393  -1.101627 
     2080.0000  -1.430360   0.317582  -1.112778 
     2085.0000  -1.360472   0.249824  -1.110648 
     2090.0000  -1.408546   0.293918  -1.114627 
     2095.0000  -1.384881   0.315030  -1.069851 
     2100.0000  -1.368482   0.327014  -1.041468 
     2105.0000  -1.400922   0.348879  -1.052044 
     2110.0000  -1.399038   0.320881  -1.078157 
     2115.0000  -1.373180   0.283616  -1.089564 
     2120.0000  -1.387136   0.273608  -1.113528 
     2125.0000  -1.377569   0.316370  -1.061199 
     2130.0000  -1.314085   0.280224  -1.033861 
     2135.0000  -1.378288   0.345418  -1.032871 
     2140.0000  -1.447288   0.416059  -1.031229 
     2145.0000  -1.312641   0.288843  -1.023798 
     2150.0000  -1.339897   0.330857  -1.009039 
     2155.0000  -1.366145   0.330022  -1.036124 
     2160.0000  -1.363483   0.339498  -1.023985 
     2165.0000  -1.310318   0.262027  -1.048291 
     2170.0000  -1.314380   0.271052  -1.043328 
     2175.0000  -1.360910   0.345945  -1.014965 
     2180.0000  -1.284284   0.266087  -1.018197 
     2185.0000  -1.378323   0.343031  -1.035292 
     2190.0000  -1.375748   0.300400  -1.075348 
     2195.0000  -1.348738   0.280968  -1.067770 
     2200.0000  -1.354967   0.271317  -1.083650 
     2205.0000  -1.393540   0.291173  -1.102367 
     2210.0000  -1.366958   0.310887  -1.056071 
     2215.0000  -1.357063   0.302044  -1.055019 
     2220.0000  -1.377292   0.310078  -1.067214 
     2225.0000  -1.378285   0.288956  -1.089329 
     2230.0000  -1.391521   0.336168  -1.055353 
     2235.0000  -1.394222   0.362367  -1.031854 
     2240.0000  -1.277167   0.266147  -1.011019 
     2245.0000  -1.343936   0.342097  -1.001839 
     2250.0000  -1.371289   0.332644  -1.038645 
     2255.0000  -1.399708   0.346373  -1.053336 
     2260.0000  -1.387080   0.313164  -1.073916 
     2265.0000  -1.392288   0.306386  -1.085902 
     2270.0000  -1.390103   0.323957  -1.066146 
     2275.0000  -1.421904   0.353552  -1.068352 
     2280.0000  -1.389711   0.320909  -1.068802 
     2285.0000  -1.365667   0.261045  -1.104621 
     2290.0000  -1.367465   0.275099  -1.092367 
     2295.0000  -1.398992   0.345394  -1.053598 
     2300.0000  -1.380906   0.311277  -1.069629 
     2305.0000  -1.307511   0.257555  -1.049956 
     2310.0000  -1.349687   0.314632  -1.035055 
     2315.0000  -1.260574   0.271179  -0.989396 
     2320.0000  -1.319577   0.317118  -1.002459 
     2325.0000  -1.353014   0.352510  -1.000505 
     2330.0000  -1.350223   0.340539  -1.009684 
     2335.0000  -1.373229   0.289437  -1.083792 
     2340.0000  -1.448562   0.348536  -1.100026 
     2345.0000  -1.385310   0.291868  -1.093443 
     2350.0000  -1.360558   0.253459  -1.107099 
     2355.0000  -1.369231   0.240146  -1.129085 
     2360.0000  -1.386534   0.256639  -1.129895 
     2365.0000  -1.401430   0.235427  -1.166003 
     2370.0000  -1.386623   0.230041  -1.156582 
     2375.0000  -1.439865   0.265434  -1.174431 
     2380.0000  -1.408817   0.244938  -1.163879 
     2385.0000  -1.455901   0.301170  -1.154731 
     2390.0000  -1.413735   0.256095  -1.157640 
     2395.0000  -1.400262   0.232381  -1.167881 
     2400.0000  -1.441805   0.262590  -1.179215 
     2405.0000  -1.423672   0.261419  -1.162253 
     2410.0000  -1.427700   0.283238  -1.144461 
     2415.0000  -1.414507   0.324039  -1.090468 
     2420.0000  -1.362068   0.260940  -1.101128 
     2425.0000  -1.419313   0.318204  -1.101109 
     2430.0000  -1.386317   0.282464  -1.103852 
     2435.0000  -1.386987   0.255492  -1.131495 
     2440.0000  -1.438093   0.337126  -1.100967 
     2445.0000  -1.384243   0.261832  -1.122411 
     2450.0000  -1.405995   0.246112  -1.159883 
     2455.0000  -1.431539   0.244512  -1.187027 
     2460.0000  -1.470694   0.265892  -1.204802 
     2465.0000  -1.499225   0.293657  -1.205568 
     2470.0000  -1.442184   0.230124  -1.212060 
     2475.0000  -1.430362   0.215345  -1.215017 
     2480.0000  -1.490514   0.279388  -1.211126 
     2485.0000  -1.465848   0.250728  -1.215120 
     2490.0000  -1.457070   0.250391  -1.206680 
     2495.0000  -1.454326   0.234745  -1.219581 
     2500.0000  -1.485862   0.269827  -1.216035 
     2505.0000  -1.409102   0.208947  -1.200155 
     2510.0000  -1.430709   0.258898  -1.171811 
     2515.0000  -1.403432   0.258438  -1.144995 
     2520.0000  -1.419942   0.247111  -1.172831 
     2525.0000  -1.417595   0.259081  -1.158515 
     2530.0000  -1.460138   0.281757  -1.178381 
     2535.0000  -1.400433   0.222128  -1.178306 
     2540.0000  -1.450698   0.265318  -1.185379 
     2545.0000  -1.432904   0.250561  -1.182343 
     2550.0000  -1.436718   0.278457  -1.158261 
     2555.0000  -1.394485   0.256926  -1.137559 
     2560.0000  -1.414570   0.329444  -1.085126 
     2565.0000  -1.299369   0.228147  -1.071223 
     2570.0000  -1.381956   0.334403  -1.047553 
     2575.0000  -1.320800   0.335540  -0.985260 
     2580.0000  -1.339546   0.348554  -0.990992 
     2585.0000  -1.336036   0.353785  -0.982251 
     2590.0000  -1.303710   0.357071  -0.946639 
     2595.0000  -1.228284   0.281111  -0.947172 
     2600.0000  -1.326373   0.397934  -0.928439 
     2605.0000  -1.302599   0.368625  -0.933974 
     2610.0000  -1.202193   0.280038  -0.922155 
     2615.0000  -1.240647   0.336003  -0.904643 
     2620.0000  -1.242763   0.314394  -0.928369 
     2625.0000  -1.264225   0.351541  -0.912684 
     2630.0000  -1.227109   0.326809  -0.900300 
     2635.0000  -1.231446   0.305586  -0.925860 
     2640.0000  -1.248206   0.320049  -0.928157 
     2645.0000  -1.273383   0.330632  -0.942752 
     2650.0000  -1.197818   0.283477  -0.914340 
     2655.0000  -1.242060   0.340961  -0.901099 
     2660.0000  -1.193775   0.281533  -0.912241 
     2665.0000  -1.222946   0.311829  -0.911116 
     2670.0000  -1.233526   0.290377  -0.943149 
     2675.0000  -1.266399   0.299190  -0.967209 
     2680.0000  -1.263458   0.244502  -1.018957 
     2685.0000  -1.341638   0.337609  -1.004029 
     2690.0000  -1.279938   0.297250  -0.982688 
     2695.0000  -1.250015   0.279550  -0.970464 
     2700.0000  -1.240352   0.231189  -1.009163 
     2705.0000  -1.259628   0.244558  -1.015070 
     2710.0000  -1.243425   0.228222  -1.015203 
     2715.0000  -1.279526   0.265649  -1.013877 
     2720.0000  -1.321253   0.279432  -1.041821 
     2725.0000  -1.275460   0.241487  -1.033973 
     2730.0000  -1.291294   0.224260  -1.067034 
     2735.0000  -1.338196   0.297230  -1.040966 
     2740.0000  -1.285833   0.279076  -1.006757 
     2745.0000  -1.347631   0.364208  -0.983423 
     2750.0000  -1.296047   0.284450  -1.011597 
     2755.0000  -1.294975   0.286717  -1.008258 
     2760.0000  -1.299797   0.301497  -0.998300 
     2765.0000  -1.324953   0.300384  -1.024569 
     2770.0000  -1.302438   0.282522  -1.019916 
     2775.0000  -1.280422   0.260657  -1.019765 
     2780.0000  -1.191847   0.203255  -0.988592 
     2785.0000  -1.227313   0.262001  -0.965312 
     2790.0000  -1.263895   0.295416  -0.968479 
     2795.0000  -1.239259   0.247817  -0.991442 
     2800.0000  -1.257132   0.261656  -0.995475 
     2805.0000  -1.295593   0.291947  -1.003646 
     2810.0000  -1.248908   0.248587  -1.000321 
     2815.0000  -1.275807   0.267730  -1.008077 
     2820.0000  -1.301252   0.287426  -1.013826 
     2825.0000  -1.294967   0.265983  -1.028985 
     2830.0000  -1.306718   0.251120  -1.055598 
     2835.0000  -1.311028   0.259220  -1.051808 
     2840.0000  -1.285804   0.242752  -1.043052 
     2845.0000  -1.301903   0.258898  -1.043005 
     2850.0000  -1.342738   0.327143  -1.015595 
     2855.0000  -1.280054   0.325345  -0.954708 
     2860.0000  -1.257569   0.318959  -0.938610 
     2865.0000  -1.309059   0.331084  -0.977975 
     2870.0000  -1.244685   0.277983  -0.966703 
     2875.0000  -1.274180   0.256245  -1.017935 
     2880.0000  -1.247531   0.287504  -0.960027 
     2885.0000  -1.289648   0.328057  -0.961591 
     2890.0000  -1.258955   0.301246  -0.957709 
     2895.0000  -1.304683   0.315098  -0.989585 
     2900.0000  -1.277101   0.258522  -1.018579 
     2905.0000  -1.313053   0.267236  -1.045817 
     2910.0000  -1.297838   0.238021  -1.059817 
     2915.0000  -1.319991   0.261632  -1.058358 
     2920.0000  -1.352527   0.307611  -1.044916 
     2925.0000  -1.338241   0.308733  -1.029508 
     2930.0000  -1.312538   0.261532  -1.051006 
     2935.0000  -1.309360   0.253834  -1.055526 
     2940.0000  -1.265818   0.220612  -1.045206 
     2945.0000  -1.359078   0.287044  -1.072034 
     2950.0000  -1.324242   0.256068  -1.068174 
     2955.0000  -1.338898   0.265755  -1.073143 
     2960.0000  -1.304974   0.261531  -1.043443 
     2965.0000  -1.281121   0.259422  -1.021699 
     2970.0000  -1.249112   0.225971  -1.023141 
     2975.0000  -1.303621   0.277910  -1.025710 
     2980.0000  -1.288724   0.276056  -1.012668 
     2985.0000  -1.259143   0.266020  -0.993123 
     2990.0000  -1.204284   0.233039  -0.971244 
     2995.0000  -1.267133   0.263235  -1.003898 
     3000.0000  -1.277541   0.291522  -0.986019 
     3005.0000  -1.252980   0.265965  -0.987015 
     3010.0000  -1.311234   0.321233  -0.990001 
     3015.0000  -1.293538   0.286946  -1.006592 
     3020.0000  -1.333203   0.332501  -1.000702 
     3025.0000  -1.324293   0.333221  -0.991073 
     3030.0000  -1.254763   0.261318  -0.993445 
     3035.0000  -1.276349   0.286359  -0.989990 
     3040.0000  -1.313898   0.281454  -1.032444 
     3045.0000  -1.286918   0.219475  -1.067442 
     3050.0000  -1.312320   0.240001  -1.072319 
     3055.0000  -1.321378   0.236557  -1.084821 
     3060.0000  -1.325128   0.268242  -1.056886 
     3065.0000  -1.312255   0.228398  -1.083857 
     3070.0000  -1.306656   0.267261  -1.039395 
     3075.0000  -1.311926   0.270260  -1.041666 
     3080.0000  -1.284418   0.235303  -1.049116 
     3085.0000  -1.313116   0.262392  -1.050724 
     3090.0000  -1.309621   0.263955  -1.045665 
     3095.0000  -1.309494   0.251717  -1.057777 
     3100.0000  -1.356499   0.296666  -1.059833 
     3105.0000  -1.295355   0.231714  -1.063641 
     3110.0000  -1.275426   0.206820  -1.068606 
     3115.0000  -1.305997   0.253296  -1.052701 
     3120.0000  -1.336426   0.284526  -1.051900 
     3125.0000  -1.328573   0.279199  -1.049374 
     3130.0000  -1.265395   0.231086  -1.034309 
     3135.0000  -1.333468   0.280197  -1.053271 
     3140.0000  -1.311188   0.256752  -1.054435 
     3145.0000  -1.292130   0.263575  -1.028555 
     3150.0000  -1.314945   0.302704  -1.012241 
     3155.0000  -1.284179   0.298329  -0.985850 
     3160.0000  -1.285062   0.294469  -0.990593 
     3165.0000  -1.266372   0.263183  -1.003189 
     3170.0000  -1.330266   0.314562  -1.015703 
     3175.0000  -1.323620   0.281174  -1.042446 
     3180.0000  -1.323737   0.261859  -1.061877 
     3185.0000  -1.264673   0.227855  -1.036818 
     3190.0000  -1.334703   0.278325  -1.056377 
     3195.0000  -1.277207   0.253336  -1.023871 
     3200.0000  -1.290504   0.271004  -1.019500 
     3205.0000  -1.277282   0.261744  -1.015538 
     3210.0000  -1.291220   0.271448  -1.019773 
     3215.0000  -1.280801   0.231710  -1.049091 
     3220.0000  -1.312780   0.272472  -1.040308 
     3225.0000  -1.378478   0.313810  -1.064668 
     3230.0000  -1.282076   0.227792  -1.054285 
     3235.0000  -1.326040   0.315955  -1.010084 
     3240.0000  -1.329957   0.295638  -1.034319 
     3245.0000  -1.308988   0.298098  -1.010891 
     3250.0000  -1.259263   0.257734  -1.001529 
     3255.0000  -1.294801   0.277801  -1.017000 
     3260.0000  -1.319130   0.318526  -1.000604 
     3265.0000  -1.292487   0.304333  -0.988154 
     3270.0000  -1.267830   0.248952  -1.018878 
     3275.0000  -1.331693   0.290873  -1.040820 
     3280.0000  -1.349176   0.308068  -1.041108 
     3285.0000  -1.300754   0.213359  -1.087394 
     3290.0000  -1.355621   0.289729  -1.065892 
     3295.0000  -1.279001   0.225057  -1.053943 
     3300.0000  -1.287707   0.243377  -1.044330 
     3305.0000  -1.279442   0.238747  -1.040695 
     3310.0000  -1.265085   0.216417  -1.048668 
     3315.0000  -1.290519   0.241137  -1.049381 
     3320.0000  -1.321025   0.265441  -1.055584 
     3325.0000  -1.297800   0.220807  -1.076993 
     3330.0000  -1.268173   0.193409  -1.074764 
     3335.0000  -1.302273   0.225561  -1.076712 
     3340.0000  -1.321972   0.248713  -1.073259 
     3345.0000  -1.266540   0.182428  -1.084112 
     3350.0000  -1.388938   0.246898  -1.142040 
     3355.0000  -1.302563   0.166401  -1.136162 
     3360.0000  -1.362455   0.245712  -1.116744 
     3365.0000  -1.324355   0.216121  -1.108234 
     3370.0000  -1.353496   0.298086  -1.055410 
     3375.0000  -1.359700   0.280582  -1.079119 
     3380.0000  -1.324549   0.263683  -1.060866 
     3385.0000  -1.347004   0.279850  -1.067154 
     3390.0000  -1.337335   0.245707  -1.091628 
     3395.0000  -1.344934   0.263112  -1.081822 
     3400.0000  -1.279442   0.197921  -1.081521 
     3405.0000  -1.375557   0.290631  -1.084926 
     3410.0000  -1.337200   0.246725  -1.090476 
     3415.0000  -1.305619   0.207012  -1.098607 
     3420.0000  -1.327094   0.246990  -1.080104 
     3425.0000  -1.352233   0.269595  -1.082638 
     3430.0000  -1.312280   0.231973  -1.080308 
     3435.0000  -1.292859   0.239340  -1.053519 
     3440.0000  -1.338000   0.270340  -1.067661 
     3445.0000  -1.352381   0.241257  -1.111124 
     3450.0000  -1.342628   0.231876  -1.110752 
     3455.0000  -1.334548   0.204275  -1.130273 
     3460.0000  -1.325275   0.173553  -1.151722 
     3465.0000  -1.380063   0.211097  -1.168966 
     3470.0000  -1.385566   0.205892  -1.179675 
     3475.0000  -1.337389   0.184872  -1.152517 
     3480.0000  -1.355440   0.198234  -1.157206 
     3485.0000  -1.364398   0.218553  -1.145845 
     3490.0000  -1.391478   0.251254  -1.140223 
     3495.0000  -1.355508   0.183797  -1.171711 
     3500.0000  -1.378170   0.242678  -1.135492 
     3505.0000  -1.373673   0.251963  -1.121710 
     3510.0000  -1.297325   0.189709  -1.107617 
     3515.0000  -1.289028   0.192359  -1.096669 
     3520.0000  -1.370332   0.276396  -1.093936 
     3525.0000  -1.304337   0.224132  -1.080205 
     3530.0000  -1.257690   0.211017  -1.046673 
     3535.0000  -1.296846   0.278057  -1.018789 
     3540.0000  -1.303494   0.304466  -0.999028 
     3545.0000  -1.274822   0.261145  -1.013677 
     3550.0000  -1.273034   0.274258  -0.998775 
     3555.0000  -1.234457   0.282631  -0.951826 
     3560.0000  -1.258191   0.357606  -0.900585 
     3565.0000  -1.246166   0.324068  -0.922098 
     3570.0000  -1.263425   0.343544  -0.919882 
     3575.0000  -1.263675   0.332207  -0.931468 
     3580.0000  -1.187669   0.275951  -0.911719 
     3585.0000  -1.242170   0.301239  -0.940930 
     3590.0000  -1.316560   0.342862  -0.973698 
     3595.0000  -1.276403   0.285342  -0.991061 
     3600.0000  -1.283828   0.294211  -0.989617 
     3605.0000  -1.292315   0.284492  -1.007823 
     3610.0000  -1.262031   0.261176  -1.000854 
     3615.0000  -1.306236   0.304737  -1.001500 
     3620.0000  -1.305697   0.322774  -0.982922 
     3625.0000  -1.284511   0.315973  -0.968538 
     3630.0000  -1.281300   0.312423  -0.968878 
     3635.0000  -1.284581   0.302355  -0.982226 
     3640.0000  -1.311743   0.326382  -0.985362 
     3645.0000  -1.244322   0.231538  -1.012784 
     3650.0000  -1.354329   0.312662  -1.041667 
     3655.0000  -1.294472   0.289124  -1.005349 
     3660.0000  -1.285379   0.248120  -1.037259 
     3665.0000  -1.286700   0.219476  -1.067224 
     3670.0000  -1.352731   0.276586  -1.076145 
     3675.0000  -1.299329   0.253344  -1.045985 
     3680.0000  -1.332316   0.262153  -1.070163 
     3685.0000  -1.338479   0.271619  -1.066859 
     3690.0000  -1.279509   0.212668  -1.066842 
     3695.0000  -1.270419   0.211322  -1.059097 
     3700.0000  -1.250800   0.199256  -1.051543 
     3705.0000  -1.317343   0.274221  -1.043123 
     3710.0000  -1.321672   0.282129  -1.039543 
     3715.0000  -1.315265   0.265408  -1.049856 
     3720.0000  -1.306870   0.246003  -1.060867 
     3725.0000  -1.344545   0.272695  -1.071851 
     3730.0000  -1.344950   0.266512  -1.078439 
     3735.0000  -1.320271   0.238034  -1.082237 
     3740.0000  -1.284235   0.204053  -1.080182 
     3745.0000  -1.324671   0.244749  -1.079921 
     3750.0000  -1.370812   0.291156  -1.079657 
     3755.0000  -1.326539   0.241479  -1.085060 
     3760.0000  -1.353365   0.244162  -1.109203 
     3765.0000  -1.320924   0.216760  -1.104164 
     3770.0000  -1.347203   0.231528  -1.115675 
     3775.0000  -1.266572   0.185827  -1.080745 
     3780.0000  -1.314526   0.219706  -1.094820 
     3785.0000  -1.341526   0.264585  -1.076941 
     3790.0000  -1.299160   0.228783  -1.070377 
     3795.0000  -1.290573   0.257046  -1.033527 
     3800.0000  -1.315813   0.283888  -1.031925 
     3805.0000  -1.318917   0.277049  -1.041868 
     3810.0000  -1.364272   0.271425  -1.092847 
     3815.0000  -1.394506   0.314450  -1.080056 
     3820.0000  -1.361831   0.278290  -1.083542 
     3825.0000  -1.347824   0.268459  -1.079365 
     3830.0000  -1.365523   0.296196  -1.069326 
     3835.0000  -1.279027   0.224303  -1.054724 
     3840.0000  -1.314344   0.248341  -1.066003 
     3845.0000  -1.314444   0.241013  -1.073432 
     3850.0000  -1.319456   0.233451  -1.086005 
     3855.0000  -1.388100   0.327136  -1.060963 
     3860.0000  -1.373301   0.296188  -1.077113 
     3865.0000  -1.434279   0.331672  -1.102607 
     3870.0000  -1.354282   0.237135  -1.117147 
     3875.0000  -1.433452   0.292820  -1.140632 
     3880.0000  -1.418253   0.278605  -1.139647 
     3885.0000  -1.376534   0.232423  -1.144111 
     3890.0000  -1.449088   0.341196  -1.107892 
     3895.0000  -1.371724   0.248114  -1.123610 
     3900.0000  -1.364005   0.273396  -1.090609 
     3905.0000  -1.435525   0.321255  -1.114271 
     3910.0000  -1.392217   0.274245  -1.117972 
     3915.0000  -1.387703   0.283432  -1.104272 
     3920.0000  -1.399492   0.292326  -1.107166 
     3925.0000  -1.454922   0.357950  -1.096972 
     3930.0000  -1.372245   0.253132  -1.119113 
     3935.0000  -1.339927   0.235608  -1.104319 
     3940.0000  -1.368788   0.262584  -1.106204 
     3945.0000  -1.359574   0.276141  -1.083432 
     3950.0000  -1.381816   0.314076  -1.067740 
     3955.0000  -1.402880   0.330850  -1.072030 
     3960.0000  -1.409578   0.323395  -1.086183 
     3965.0000  -1.398109   0.275146  -1.122963 
     3970.0000  -1.405848   0.289141  -1.116706 
     3975.0000  -1.397022   0.280280  -1.116742 
     3980.0000  -1.440401   0.279591  -1.160811 
     3985.0000  -1.397656   0.250755  -1.146902 
     3990.0000  -1.412785   0.236527  -1.176257 
     3995.0000  -1.402245   0.232067  -1.170178 
     4000.0000  -1.395285   0.254921  -1.140364 
     4005.0000  -1.431243   0.288145  -1.143098 
     4010.0000  -1.405371   0.276534  -1.128837 
     4015.0000  -1.363651   0.237887  -1.125765 
     4020.0000  -1.436184   0.333451  -1.102733 
     4025.0000  -1.368635   0.265899  -1.102736 
     4030.0000  -1.368366   0.273925  -1.094441 
     4035.0000  -1.453947   0.365133  -1.088813 
     4040.0000  -1.377821   0.273536  -1.104284 
     4045.0000  -1.350693   0.268487  -1.082206 
     4050.0000  -1.414951   0.329667  -1.085284 
     4055.0000  -1.354044   0.269179  -1.084865 
     4060.0000  -1.370689   0.299436  -1.071253 
     4065.0000  -1.405080   0.326787  -1.078293 
     4070.0000  -1.385830   0.303868  -1.081962 
     4075.0000  -1.371832   0.273204  -1.098629 
     4080.0000  -1.395676   0.303194  -1.092482 
     4085.0000  -1.412911   0.313169  -1.099742 
     4090.0000  -1.360663   0.269515  -1.091148 
     4095.0000  -1.357870   0.285647  -1.072222 
     4100.0000  -1.400314   0.325406  -1.074908 
     4105.0000  -1.339394   0.285539  -1.053855 
     4110.0000  -1.318895   0.291032  -1.027863 
     4115.0000  -1.306918   0.284852  -1.022066 
     4120.0000  -1.419554   0.396531  -1.023023 
     4125.0000  -1.387747   0.344309  -1.043438 
     4130.0000  -1.332524   0.290309  -1.042216 
     4135.0000  -1.420548   0.350927  -1.069621 
     4140.0000  -1.387063   0.305052  -1.082011 
     4145.0000  -1.378352   0.267497  -1.110854 
     4150.0000  -1.378839   0.270822  -1.108017 
     4155.0000  -1.396491   0.297273  -1.099218 
     4160.0000  -1.398734   0.303794  -1.094940 
     4165.0000  -1.380851   0.300159  -1.080693 
     4170.0000  -1.363688   0.253944  -1.109744 
     4175.0000  -1.358734   0.239579  -1.119155 
     4180.0000  -1.425926   0.299541  -1.126385 
     4185.0000  -1.358205   0.226588  -1.131617 
     4190.0000  -1.395237   0.279134  -1.116104 
     4195.0000  -1.351452   0.265061  -1.086391 
     4200.0000  -1.375491   0.302968  -1.072523 
     4205.0000  -1.356701   0.299791  -1.056910 
     4210.0000  -1.349032   0.321238  -1.027794 
     4215.0000  -1.343460   0.288044  -1.055416 
     4220.0000  -1.345366   0.260464  -1.084902 
     4225.0000  -1.345654   0.285265  -1.060389 
     4230.0000  -1.403981   0.372243  -1.031738 
     4235.0000  -1.372650   0.342282  -1.030368 
     4240.0000  -1.372952   0.328412  -1.044540 
     4245.0000  -1.345784   0.304806  -1.040977 
     4250.0000  -1.381807   0.347117  -1.034689 
     4255.0000  -1.359517   0.316350  -1.043167 
     4260.0000  -1.376461   0.306328  -1.070133 
     4265.0000  -1.339726   0.284872  -1.054854 
     4270.0000  -1.410292   0.320179  -1.090113 
     4275.0000  -1.391988   0.304641  -1.087346 
     4280.0000  -1.417406   0.306740  -1.110666 
     4285.0000  -1.436060   0.345420  -1.090640 
     4290.0000  -1.375008   0.279921  -1.095088 
     4295.0000  -1.333056   0.251707  -1.081349 
     4300.0000  -1.388250   0.295449  -1.092801 
     4305.0000  -1.411525   0.317778  -1.093747 
     4310.0000  -1.376778   0.266120  -1.110658 
     4315.0000  -1.413146   0.279362  -1.133784 
     4320.0000  -1.404597   0.288043  -1.116554 
     4325.0000  -1.457016   0.343324  -1.113692 
     4330.0000  -1.423861   0.280249  -1.143612 
     4335.0000  -1.425346   0.317450  -1.107896 
     4340.0000  -1.409938   0.299995  -1.109944 
     4345.0000  -1.327894   0.211943  -1.115951 
     4350.0000  -1.351143   0.265147  -1.085996 
     4355.0000  -1.384235   0.285552  -1.098683 
     4360.0000  -1.384460   0.281938  -1.102522 
     4365.0000  -1.348948   0.260006  -1.088942 
     4370.0000  -1.357285   0.281896  -1.075389 
     4375.0000  -1.377317   0.305090  -1.072227 
     4380.0000  -1.443019   0.372556  -1.070463 
     4385.0000  -1.344815   0.292055  -1.052759 
     4390.0000  -1.313300   0.296634  -1.016666 
     4395.0000  -1.347141   0.325425  -1.021716 
     4400.0000  -1.354676   0.335806  -1.018870 
     4405.0000  -1.320790   0.284853  -1.035937 
     4410.0000  -1.341580   0.308441  -1.033138 
     4415.0000  -1.346555   0.281091  -1.065464 
     4420.0000  -1.327839   0.286074  -1.041766 
     4425.0000  -1.315951   0.258247  -1.057704 
     4430.0000  -1.414864   0.356045  -1.058819 
     4435.0000  -1.367325   0.300012  -1.067314 
     4440.0000  -1.350897   0.259681  -1.091216 
     4445.0000  -1.410980   0.326278  -1.084703 
     4450.0000  -1.385471   0.334041  -1.051430 
     4455.0000  -1.292153   0.258033  -1.034120 
     4460.0000  -1.354180   0.299031  -1.055150 
     4465.0000  -1.396643   0.331928  -1.064715 
     4470.0000  -1.302459   0.273468  -1.028991 
     4475.0000  -1.410711   0.380015  -1.030696 
     4480.0000  -1.370971   0.309488  -1.061483 
     4485.0000  -1.354203   0.260996  -1.093208 
     4490.0000  -1.308234   0.253892  -1.054343 
     4495.0000  -1.395539   0.318405  -1.077133 
     4500.0000  -1.366991   0.282132  -1.084859 
     4505.0000  -1.387033   0.295260  -1.091773 
     4510.0000  -1.379096   0.252198  -1.126898 
     4515.0000  -1.410023   0.301828  -1.108194 
     4520.0000  -1.384028   0.278592  -1.105436 
     4525.0000  -1.336083   0.243265  -1.092818 
     4530.0000  -1.370928   0.275058  -1.095871 
     4535.0000  -1.447877   0.358436  -1.089441 
     4540.0000  -1.440835   0.281148  -1.159688 
     4545.0000  -1.437739   0.297344  -1.140395 
     4550.0000  -1.380110   0.228086  -1.152024 
     4555.0000  -1.410918   0.247443  -1.163476 
     4560.0000  -1.422715   0.296082  -1.126633 
     4565.0000  -1.461779   0.312618  -1.149160 
     4570.0000  -1.378805   0.215680  -1.163125 
     4575.0000  -1.458112   0.320065  -1.138047 
     4580.0000  -1.406057   0.271151  -1.134906 
     4585.0000  -1.422405   0.259706  -1.162700 
     4590.0000  -1.418640   0.280722  -1.137918 
     4595.0000  -1.414799   0.310160  -1.104639 
     4600.0000  -1.387470   0.296018  -1.091452 
     4605.0000  -1.357922   0.278505  -1.079417 
     4610.0000  -1.339924   0.265969  -1.073956 
     4615.0000  -1.342654   0.241748  -1.100906 
     4620.0000  -1.397410   0.296385  -1.101025 
     4625.0000  -1.340163   0.280809  -1.059354 
     4630.0000  -1.373382   0.304184  -1.069199 
     4635.0000  -1.372527   0.274108  -1.098419 
     4640.0000  -1.407777   0.292625  -1.115152 
     4645.0000  -1.376079   0.249554  -1.126525 
     4650.0000  -1.423134   0.294295  -1.128839 
     4655.0000  -1.370492   0.261028  -1.109465 
     4660.0000  -1.363753   0.282678  -1.081075 
     4665.0000  -1.360952   0.288927  -1.072026 
     4670.0000  -1.381537   0.313628  -1.067909 
     4675.0000  -1.381071   0.306820  -1.074251 
     4680.0000  -1.321292   0.248203  -1.073089 
     4685.0000  -1.437416   0.363954  -1.073462 
     4690.0000  -1.403270   0.290478  -1.112792 
     4695.0000  -1.401435   0.283653  -1.117783 
     4700.0000  -1.490788   0.329906  -1.160882 
     4705.0000  -1.398346   0.228504  -1.169843 
     4710.0000  -1.457461   0.286778  -1.170683 
     4715.0000  -1.440102   0.290653  -1.149449 
     4720.0000  -1.391932   0.249155  -1.142778 
     4725.0000  -1.394785   0.279312  -1.115472 
     4730.0000  -1.384640   0.266179  -1.118461 
     4735.0000  -1.384183   0.301246  -1.082937 
     4740.0000  -1.366155   0.300674  -1.065481 
     4745.0000  -1.363678   0.304552  -1.059126 
     4750.0000  -1.400207   0.334141  -1.066065 
     4755.0000  -1.346911   0.295888  -1.051023 
     4760.0000  -1.338683   0.281482  -1.057202 
     4765.0000  -1.378417   0.318744  -1.059673 
     4770.0000  -1.365438   0.316478  -1.048960 
     4775.0000  -1.302095   0.262503  -1.039592 
     4780.0000  -1.411832   0.367126  -1.044706 
     4785.0000  -1.351980   0.305174  -1.046806 
     4790.0000  -1.355417   0.294870  -1.060547 
     4795.0000  -1.383384   0.324581  -1.058803 
     4800.0000  -1.341272   0.296559  -1.044712 
     4805.0000  -1.334827   0.302400  -1.032427 
     4810.0000  -1.278606   0.264594  -1.014012 
     4815.0000  -1.328371   0.338370  -0.990001 
     4820.0000  -1.356055   0.311029  -1.045026 
     4825.0000  -1.320105   0.319982  -1.000123 
     4830.0000  -1.383060   0.379408  -1.003652 
     4835.0000  -1.397631   0.395346  -1.002286 
     4840.0000  -1.330793   0.343950  -0.986843 
     4845.0000  -1.296571   0.314211  -0.982360 
     4850.0000  -1.274005   0.292791  -0.981215 
     4855.0000  -1.334678   0.357801  -0.976877 
     4860.0000  -1.396488   0.405456  -0.991032 
     4865.0000  -1.396567   0.348608  -1.047960 
     4870.0000  -1.378095   0.338941  -1.039153 
     4875.0000  -1.353587   0.311227  -1.042360 
     4880.0000  -1.370287   0.317856  -1.052431 
     4885.0000  -1.395286   0.341314  -1.053972 
     4890.0000  -1.329831   0.293715  -1.036115 
     4895.0000  -1.375410   0.320541  -1.054869 
     4900.0000  -1.339345   0.267470  -1.071875 
     4905.0000  -1.363631   0.294172  -1.069459 
     4910.0000  -1.405441   0.336057  -1.069384 
     4915.0000  -1.369884   0.276729  -1.093155 
     4920.0000  -1.419602   0.308654  -1.110949 
     4925.0000  -1.436736   0.306273  -1.130462 
     4930.0000  -1.416549   0.308118  -1.108431 
     4935.0000  -1.428314   0.332685  -1.095629 
     4940.0000  -1.340035   0.232979  -1.107056 
     4945.0000  -1.356995   0.300727  -1.056269 
     4950.0000  -1.401558   0.326903  -1.074656 
     4955.0000  -1.437087   0.347049  -1.090038 
     4960.0000  -1.396419   0.287305  -1.109115 
     4965.0000  -1.344100   0.275888  -1.068212 
     4970.0000  -1.380388   0.298294  -1.082095 
     4975.0000  -1.379782   0.304218  -1.075564 
     4980.0000  -1.404889   0.321448  -1.083441 
     4985.0000  -1.312870   0.273884  -1.038986 
     4990.0000  -1.362791   0.328022  -1.034769 
     4995.0000  -1.345488   0.339234  -1.006254 
     5000.0000  -1.349572   0.345781  -1.003791 
