t = 1000000
b = 20 20 20
E = -1.00379099960234 -1.34957202330335 0.345781023701006
-20.068861649794 15.969183925833 10.8393392889181 0.612525547336339 -0.471101206831025 -0.63472522147987 0.725047163669979 0.654680293944557 0.213776339136929 0.298342347018146 0.0334115022433032 -0.473463016251389 -0.0407235176362569 -0.0293255724035305 -0.192404121900037
-19.6641771700673 15.9698213199941 11.0811115073704 0.342777504338374 -0.0075469268209508 -0.939386303080429 0.849205479554363 0.430069054487819 0.306415831619057 -0.22798931043667 -0.559175489888537 -0.238209267691676 0.185198589146415 0.138281749685464 0.033155410501203
-19.1055045300257 15.8197437390926 11.0515167720442 -0.0299287096024881 0.577371149517496 -0.815933102678385 0.887585069146417 0.390747870704973 0.243944351375229 0.0720263031958558 0.35111225614064 0.0273309528215263 0.105851396549466 0.0612113762934849 0.372937431952806
-18.6394220903264 15.7975930998522 10.9701482769765 -0.346316376389873 0.904071708137978 -0.250438243861968 0.867350611501113 0.410289291757377 0.281719033432027 -0.385002092027795 -0.193410240089383 -0.500451204957483 0.0276946583005062 -0.13454505809248 -0.0677349286139924
-18.1707234393442 16.0752878397682 10.9758283734118 -0.649693289383638 0.757642531650243 -0.0622609344973109 0.659166018654913 0.602253985927747 0.45032243591095 -0.504923804944561 -0.834538813540945 -0.773672911490946 0.184847005024966 -0.10172260177967 -0.0891096043510941
-17.9113747439325 16.5123268856429 10.8799001398554 -0.779449249380041 0.397303357066005 0.484364439348073 0.601187644158406 0.691792303965325 0.399996030837324 0.246945848271102 0.241514300080225 -0.160075875817788 -0.188986428289019 -0.945740257984051 0.232452192851399
-17.8408945472071 17.0590335275063 10.8211965418439 -0.449989667818697 -0.111501321903201 0.886045571102445 0.550947035732053 0.746190470494596 0.373707299314741 0.355375672462812 0.190254158213488 -0.331526935622507 0.104835614811051 0.478833239872383 0.435636543933847
-17.8530250247897 17.5258330604141 11.0667375624544 0.32599149092112 -0.700951857266007 0.634346941068025 0.409865829328182 0.709452309501331 0.573312674281975 -0.256416989102646 0.395539393430748 0.415240585882307 -0.046900616716435 -0.0407547807860984 0.0773639579591834
-17.9508991718645 16.8759814830354 11.9824379967195 -0.0267660873251099 0.749533717565377 -0.661424812659708 -0.700317627861219 -0.486211913303936 -0.522640598756124 0.0856870665251079 -0.165895123021346 0.60799241354759 0.217490523806989 -0.550733179633197 0.536403738011318
-18.4374112191267 16.9866219650743 11.8269111867025 0.539055807123446 0.141243130455045 -0.830342829743082 -0.670637028757028 -0.524456768207887 -0.524586574304836 0.0497829008811726 0.304698718137913 -0.143479790052238 0.123551826218424 0.669782895936972 0.139245125304374
-18.7933077673889 17.0363808323862 11.4404501165879 0.762333922036987 -0.5271055490408 -0.375508630369665 -0.626967286508786 -0.457605896315423 -0.630483041251046 0.489340804279206 0.414253945626402 0.500267052343417 -0.266030154337156 0.175908294487578 -0.714816294086537
-19.0466437651604 16.9625971153165 10.9274901920109 0.711527408451395 -0.701021183145651 -0.0479379578571505 -0.580610479976503 -0.548144066636326 -0.602021222842555 0.000911051315756623 0.283625145336143 0.33867842674975 -0.395818772450355 -0.218288019107246 -0.567915045097984
-19.091459512333 16.8385711129275 10.4263898030487 0.406759114094195 -0.791617847081889 0.455947592693218 -0.497705013332281 -0.610558516066092 -0.61604222108804 -0.234485988294307 0.270168019760912 -0.330286666615707 0.274596930203069 0.118050891982791 0.4065345680724
-19.0554248972373 16.5008062252308 10.0330908875002 -0.0587565949369959 -0.557222971986739 0.828281487202072 -0.493707585617121 -0.704920153168869 -0.509254747214488 -0.164417074302146 -0.446633799806942 0.135204601593212 0.353215419568446 -0.210983418929277 -0.345251977772491
-19.2718630596645 16.0094295386796 9.93605209336233 -0.338867938150294 -0.0101245251116476 0.940779471760004 -0.592280283934776 -0.774638040624159 -0.221675373643768 -0.498155147802585 -0.294919687991465 -0.256453500075721 0.322129513890609 0.229105144572675 -0.0245997394784768
-19.372262736361 15.5038848265262 10.0061580653454 -0.618708948094909 0.532129639845095 0.577959586775425 -0.753449350645795 -0.610282429869645 -0.244682307909321 -0.234427625910472 -0.0930601771016741 -0.588988447199908 -0.0936382181343395 0.107662905616893 0.0486913163820411
