t = 100000
b = 20 20 20
E = -1.09739750562144 -1.39446614295763 0.297068637336196
5.52505206988303 23.2161492834722 6.5080224888331 0.435933609384567 0.749518942356145 -0.498179930605587 -0.241128537533395 0.630580017681387 0.737716659489195 -0.303846907602705 0.518275724732215 0.658870341388152 -0.386073054104679 -0.155021199114997 0.360038878489457
5.66171266722201 23.5399191052964 6.89782040442459 -0.0386086268741345 0.666887753450393 -0.744157307448326 -0.108119872981218 0.73755243054219 0.666578206415303 0.472507556157863 -0.191904706405139 0.206212787108524 -0.0370382725901785 0.0917559414520979 -0.34255091623776
5.55979515647731 23.9949316413796 7.18557972231596 -0.116354622775267 0.396946695384419 -0.910436665991748 -0.264350982925331 0.87122108162913 0.413633152384353 -0.213722616500443 0.51398268704666 0.0862016454267422 -0.390979234546336 0.206604492939453 0.0197577863110388
5.69070201203303 24.4640292435938 7.31177499185274 -0.543939943725916 0.0644457600082926 -0.836645732455733 -0.365063309000474 0.879571089301425 0.305095852621215 -0.327166377070504 -0.348349206147956 -0.518523182726053 -0.172837083613668 0.297356896951879 -0.167326093918548
5.7757196029458 24.9518230278192 7.23773700982204 -0.931204070192973 -0.173882601126186 -0.320349528923715 -0.303363304300015 0.856935764106835 0.416691494752242 -0.388432968721 -0.0305909131244433 0.236466740052201 3.74659776156067e-05 -0.215164091481898 -0.157615219077003
5.57080134034046 25.4409044943991 7.13997585666995 -0.8744756370908 -0.467590918779225 0.129039113488409 -0.362299304042023 0.806499753315237 0.467223032601224 0.116189872607089 0.330834525021899 -0.0346640401453597 0.270707417607831 0.206376663046422 0.979550820771396
5.20608377356464 25.8239569844978 7.10222973295701 -0.324024865547512 -0.619784632298296 0.714755130148625 -0.382739667051448 0.776806855295774 0.500081450196699 -0.697779190070768 0.39363208015434 0.296163121135579 0.446439120648591 -0.144875311842197 0.0585116734278127
4.82139291237227 26.1282933001127 7.23888812606332 0.175330246253762 -0.561248924535244 0.808862750691749 -0.276095198443788 0.76058997557386 0.587600485408988 0.273613694091473 0.277413430451818 0.00170128408569384 0.069653456466628 -0.172466451528891 -0.0854761411632423
5.08063341923269 25.4627755441155 8.1779372280963 -0.171681880242713 0.508725313275291 -0.843637296253142 0.0576118960771033 -0.849701872355216 -0.524106475390669 -0.0448696191981878 -0.282532853001738 0.540796859495572 0.19808456438022 0.48852207035678 0.172950629936606
4.7677175688382 25.0658154807838 7.87723109677988 0.36410375293921 0.653365149464909 -0.663733710580022 -0.0220348334795552 -0.70640869445051 -0.707461110251456 -0.175373356013417 0.122943486429414 0.467374067752852 0.0847369395463847 -0.374835726392197 -0.434607462612525
4.53741036205689 24.8789590256176 7.36669734453679 0.842661532865152 0.464419254837492 -0.272463386100973 0.17573039949606 -0.715520378613349 -0.676128252983092 0.38044553040467 -0.460517740740177 -0.0595594295265642 -0.0141999787683487 0.17860576096634 -0.747252188986063
4.67290136254067 24.6363941915814 6.90198539603587 0.908117291658102 0.249396722010955 0.33633950056717 0.406150586736911 -0.719970250974753 -0.562747313280713 0.263480817286244 0.163627976782468 -0.0769957342636836 -0.270638582920893 -0.439556375836665 -0.067238879784847
4.96454981097417 24.4930288641654 6.40025345534239 0.6330048337543 0.0146609224132222 0.774009003692859 0.618775211196149 -0.610408357394923 -0.494488498583704 -0.136795007087764 -0.133344557478606 -0.134151508219815 0.521541545812063 -0.117098469038074 0.0839351265676106
5.38631619820012 24.4763336301946 6.11801902567922 0.176341237255439 -0.442888887716129 0.879063820880353 0.604135516701195 -0.656370846224258 -0.451882274145648 -0.155309217855184 -0.514640128824817 -0.0503215773397963 0.117109273648318 0.238954194917586 0.255892745775414
5.9298528532483 24.2885823083609 6.03660540978711 -0.382390040523014 -0.624073735473626 0.681402839442857 0.408303988741119 -0.775668279677355 -0.48127598390162 0.0656142713842404 -0.0505335471749256 -0.197274633107337 -0.155226251774452 0.00973423436816485 0.0289049612096027
6.32717353507315 23.9727832036127 6.02955502618433 -0.835057671409011 -0.485493205277473 0.258795349746398 0.307396762296251 -0.801856200904073 -0.512380584723373 -0.314371469728682 0.1380019334884 -0.204411769539899 0.177448701335927 -0.40086374153763 0.626003923087369
t = 200000
b = 20 20 20
E = -1.12631048344126 -1.3804188754982 0.254108392056932
15.3089703301571 18.3051311871223 12.7072036949655 -0.473074055253552 0.633603582999986 0.612166184835059 0.848120340786531 0.139398936340315 0.511135817656447 0.528304534612663 0.0839282867533824 0.0330361173188241 0.0514933717952033 -0.468613298349866 -0.00487182679764225
15.7426348738735 18.6298838860966 12.866589902818 -0.655155729718103 0.0951712940627941 0.749475412941556 0.740053760193051 0.280380491614283 0.611315967357524 0.0257566531469468 0.141035502547831 -0.170078134563316 0.474755690510224 -0.416939504092858 -0.189662289231217
15.8501217384507 19.1013477903089 13.0909179105262 -0.335529898082196 -0.463254653795732 0.820252895898286 0.714523174167104 0.442285499159922 0.542070263721429 -0.150172659370824 -0.26926281603971 0.520141061736202 0.091693867912366 0.164820097968962 0.0942202343757108
16.0203237912932 19.3342911187534 13.5224630920264 -0.0145301059919348 -0.902294349497031 0.430875600243988 0.661697131351018 0.314388701112539 0.680673674365735 -0.0480850222566516 0.38080517768331 -0.00295861734870794 -0.112692126109912 -0.347800869104436 0.551108803961816
16.1246322658853 19.4427629364311 14.0461405860408 0.230463274706592 -0.971803511213813 -0.0498459085985124 0.493953014070688 0.0726992017985467 0.86644402355164 0.0294816401467222 0.367933631714824 -0.0725823055624394 -0.50210079379069 -0.00983810622621445 0.781112983890388
16.1453961756797 19.3316712878843 14.625741204359 0.559143627929131 -0.6722494818895 -0.485220606987759 0.535992453259067 -0.153393778047556 0.830170126483476 -0.100187332447975 0.00841854008053259 0.0531962788062891 0.445610106226347 0.28855960632462 -0.266423372638099
16.2633926985919 18.9697113986996 14.9960716274751 0.847177556378902 0.00380832883181154 -0.53129623055255 0.53121121982327 -0.0253411782844461 0.846860357211864 0.0485076771832381 0.401238056907705 -0.326035110956402 -0.00522842230589171 -0.576524943792251 -0.342529961381266
16.6109266101574 18.6938685247128 15.2082525414236 0.49819057866099 0.845916400362102 -0.190345976925698 0.501564973425474 -0.102082505403853 0.859076096468269 -0.230796254781013 -0.308126335087331 -0.28146694041749 -0.0537090407853146 0.0790663689768365 0.313871642640897
17.399024124033 19.2437611526797 14.5987475357327 -0.613150893183839 -0.483168066783304 0.624975680669848 -0.736846121198927 0.0645933074402826 -0.672967679987696 -0.233992870847097 0.0935602460714247 -0.220122541155582 -0.00170315918907416 -0.361010205682546 -0.318040003842146
17.2100323437965 18.8839734615505 14.3062411292536 -0.77207018892297 0.21718428838915 0.597275990019165 -0.635415168311468 -0.245370118228571 -0.732148256134137 -0.0714798812488777 0.361186041820042 -0.138865347125362 -0.226036407166458 0.156105468505773 0.369133665789663
16.8832079531181 18.5234439668237 14.1972041876892 -0.681720426772055 0.697564041928983 0.220593896401147 -0.561681207043398 -0.305815519769666 -0.768759448411717 -0.0532049248221932 -0.299768781578113 0.0411576968060156 0.0423813472978322 -0.0350300250660391 -0.152806449638501
16.4090526479638 18.2792442714437 14.0357054463642 -0.294107806637031 0.955771925090787 -0.000790748666989989 -0.756532412015152 -0.233303751439649 -0.610923947095529 0.510625421851925 0.0491081019116706 -0.466757554192638 0.0197805912054708 -0.703161342605713 0.259484228528965
15.9180991268498 18.2673085552307 13.9541667551879 0.113706685597485 0.959801441497039 -0.256616411304226 -0.797690056409918 -0.0657751978715785 -0.599469930229809 -0.0444028189086514 -0.158196128981277 -0.155342161468806 -0.388668726776407 -0.130856557184773 -0.226173920344145
15.4116543857828 18.4260129910788 13.984363484144 0.416032767287167 0.595515425984791 -0.687224936943939 -0.898235706621621 0.151328763598565 -0.412640546550712 -0.0997442299986665 -0.0458349540668187 0.230248231558217 -0.263905862667293 -0.0298887066321545 -0.200232545924011
14.9533745510637 18.6984547932443 13.7821515059646 0.643742915268447 -0.107788951953783 -0.757612434479761 -0.761481877485026 0.00779188103851061 -0.648139365300153 0.564698708058935 0.11776606195151 -0.230861216472735 -0.259987028412137 -0.287713120339918 0.0919791196390036
14.7177705970996 19.0624954200505 13.380624191443 0.512333793785941 -0.721138362124619 -0.466340590574291 -0.686261757540391 -0.0173286643880265 -0.72714820877738 0.28480975710283 -0.296695283774125 0.703927951854076 0.28551793170493 -0.256602925677681 -0.20350222587032
t = 300000
b = 20 20 20
E = -1.11200256992659 -1.40583925008699 0.293836680160402
7.30234444845208 1.75914568959303 28.2643660384774 -0.896609842761195 -0.378793911868012 -0.229359896658976 -0.440192596767872 0.818769810317427 0.368573568590438 0.390259484287404 -0.28373648895574 0.0423877914531562 -0.158467954847135 0.217324208887502 -0.235514331320897
7.06699863679758 2.13879293133762 28.0678789528778 -0.804570307877989 -0.4694939820469 0.363650959716645 -0.485446533010794 0.872680234072887 0.0526390790790244 -0.395997087318501 -0.262068242986917 0.0911527655806823 0.178443621490197 0.426805500148488 -0.040565121869823
6.68001226280073 2.47557156693714 27.9597572692833 -0.387267706539431 -0.46514070024236 0.796032569967945 -0.506267487521934 0.828874741809047 0.238033387299485 -0.230983925415236 -0.174831916160615 -0.488085806127844 -0.333257565012749 -0.151149733536509 -0.14958642521988
6.26480163825673 2.66910258321404 28.0005279400147 0.245423403176955 -0.0742096392320985 0.966571405855805 -0.340727052548121 0.926846233475841 0.157674142311006 0.329748914146577 -0.64977740571815 0.465054923667375 -0.00352746742277095 0.30557636100145 0.236173572764758
5.87432765824513 2.97367262671788 28.2790101715182 0.792569021292249 0.0188659995004634 0.609490295698513 -0.307498418775108 0.875494712714706 0.372764980194483 0.409147910109504 -0.179338887056488 0.28978698201228 -0.424464264153909 -0.237162095186036 -0.461476184364898
5.61260707620077 3.25951511149623 28.7854237501773 0.960461762824609 0.169617599535917 0.220778332450291 -0.251800794945544 0.867543005954924 0.428911986873204 0.0737186707582317 -0.115591997923233 0.30633396044516 0.403454576400639 0.279288306329473 -0.147815509252343
5.57674600473035 3.51967482537315 29.2790486190477 0.848187517216254 0.385698590994471 -0.363062711584951 -0.264031503730882 0.902049453171166 0.34145885414089 -0.653439389119091 0.470435776187851 0.151654001139158 -0.512365217362608 -0.255526509469771 0.439966539428805
5.76895246813409 3.88580031539693 29.6159655707394 0.118749694632088 0.422574942969466 -0.898514845508492 -0.159626726143581 0.901272169553821 0.402775104355357 0.118833254165266 0.101072809986038 -0.0597364081961901 -0.0884099519418003 -0.40626263940836 0.576219870867928
6.24464661841355 4.31324460067762 28.5935067430991 -0.29727806204074 -0.380336206177625 0.875768305032603 0.346391566305833 -0.897705813914905 -0.272281388375278 0.453545913004973 0.163026617949403 -0.00355464212107557 -0.406652173978571 -0.0746855868110661 0.0773962892932306
6.59661315869755 3.93073955697048 28.7379071524266 -0.854354881923554 -0.25482658914777 0.452925098881422 0.239504059511439 -0.966525449328773 -0.0920128321344842 -0.168324581203179 0.424218708369714 -0.244985284037778 -0.142097111556607 0.299486998724524 0.208405468191485
6.74435045733804 3.47214324234988 28.9977073315991 -0.970536458757731 -0.200126503687712 -0.134195248588649 0.206204603092373 -0.977955855830512 -0.0328938552069602 0.104401577946495 0.299576326204192 -0.764355802250743 0.116621219872503 0.039938659798414 0.473437858084053
6.75970290081543 2.92124713766952 29.0411668366872 -0.720016205061485 0.0597834546008702 -0.691377323178024 0.078111004246517 -0.982969144763743 -0.166344015395974 0.338498426162086 -0.24902980428633 -0.282481611688109 -0.790675619560732 0.248640911069674 -0.128839545796951
6.49677854604522 2.48556144920449 29.1382785207811 -0.191385588978084 0.138160893958023 -0.971742313431006 0.0548266143260635 -0.986992691952067 -0.151127325109531 0.272181500040693 0.346317313972254 -0.0261353372119085 -0.130513192684758 0.260716168646813 0.373328310686151
6.28861125061183 1.93922258183571 28.9519971591083 0.240976656488598 0.396104860824415 -0.886019858839991 0.183096032744961 -0.915084134252477 -0.359300528850758 0.393160647771607 -0.109407100363375 0.236163882800513 0.247732480563835 0.306740283605389 -0.266168815659458
6.09959344167849 1.54910367846672 28.5695896543458 0.82053860453309 0.433495973577456 -0.372555552049671 0.199923780928188 -0.828277287847562 -0.523437881945114 -0.129455090172314 -0.439038238114077 -0.162457751491471 0.0837654423865394 -0.268984150727982 0.356146354032667
6.20595002889144 1.32958070304325 28.0469800260564 0.91191925590902 0.349338561416735 0.215327286263434 0.40500686980452 -0.681599759161803 -0.609418742509363 -0.0214113343155535 -0.368486967782153 0.347681208574996 0.0377832555295184 0.220764531718831 -0.224180656183468
t = 400000
b = 20 20 20
E = -1.09243564088254 -1.36281803653194 0.270382395649405
2.68122946488153 1.58148448612227 19.6314660742089 -0.280710657890861 -0.958244100676791 -0.0544955967449129 -0.958135603686188 0.283108766746694 -0.0427269369376903 -0.219424868983065 0.41113282807932 0.308425845879476 -0.242050277972479 0.462267979186361 -0.180051388530893
2.22408114198578 1.59568128990917 19.3013988094494 -0.286014218034842 -0.760550672887862 0.582888103371284 -0.957041677609166 0.256957481618578 -0.13432825450835 -0.195768730057429 -0.467112969546822 0.128186660006569 -0.324760670346984 0.0263266606713601 0.472268412288243
1.74809726699871 1.49862004041091 19.1532182533124 0.00275049378002876 -0.0372241461082146 0.999303156069511 -0.950996387667757 0.308879268517104 0.0141233184189303 -0.413490746773127 -0.545370092477119 -0.287413695669224 -0.0883206957132267 0.245391665896374 -0.0469996288787676
1.15259693946293 1.46499683313979 19.2452609055249 0.440686123173006 0.264676790646697 0.85775400747284 -0.852898433056201 0.421436086775236 0.308149132164631 -0.0900445736746349 0.0103961805873849 -0.352932612476975 0.0630554663437919 -0.0500871305547681 0.0392526639971045
0.64945053401799 1.50991730470577 19.5864352154659 0.660875407773529 0.537522182018308 0.523749557745387 -0.737688913051503 0.5936302762054 0.321586944282936 -0.201141821275626 -0.152987031498379 0.0616539894212833 -0.248340908178038 0.347692769824636 0.093158416405486
0.380159905263792 1.57814278752844 20.073370816902 0.59629618044131 0.796728053143733 -0.0982612564793906 -0.735682196055081 0.591341659841535 0.330282829925217 0.402738888519567 -0.140265450612553 0.183321460039399 0.391119444975229 0.248755181023316 0.13061097354081
0.255839583656865 1.88844773948317 20.5035741609632 0.205913266355073 0.541324725485267 -0.815209953519506 -0.741966656049424 0.629526379706298 0.230612268894572 -0.21315288036728 -0.25783392308885 0.159469209008056 -0.537735285020894 -0.0733300662134313 0.258062087960889
0.11728244211594 2.41853006722782 20.6454612176894 -0.134352026457568 0.0842460106934323 -0.987346009597956 -0.733656099174023 0.661310879064317 0.156258277783624 -0.267087193816447 0.697969767694214 -0.296289403474966 -0.123147359341024 -0.0746070964046561 0.0942752767771256
0.188654899281936 2.75228678324709 19.5027441005139 -0.0992478691360246 -0.311525725993649 0.945040518981125 0.927350372864325 -0.373312670519682 -0.0256697483015505 -0.609036839147523 0.257754107641891 0.124276234835987 0.0128166540426151 -0.109696731794566 -0.10859225910016
0.628425789591385 2.71664941630257 19.6208301707229 -0.383004141239247 -0.689875782431389 0.614311999401137 0.864316253722901 -0.502315537678998 -0.0252292321859651 0.0291921686732416 0.0980291308505504 -0.23469520351983 -0.206948074467736 -0.398501275568789 0.417281274391876
1.11163401322593 2.50683823958612 19.9320401540661 -0.601450985724242 -0.773116464307515 0.201364456615364 0.765210377371356 -0.629914142303211 -0.132895642101694 0.105298073723995 0.427420917715519 -0.0246713474834789 -0.494427622740398 0.453562662883932 -0.264656155894559
1.45122319409901 2.17875868194426 20.161826588472 -0.710346863086831 -0.607326724113495 -0.355754949762159 0.680051107011611 -0.722532352133686 -0.124408568725877 0.214233446859967 -0.254983896977662 -0.0289790809858225 0.615819156686527 0.587586934867822 0.217933527748978
1.63647450227718 1.76788371924006 20.3414875826468 -0.32541991453564 -0.191932041962105 -0.925885506146315 0.700449312995038 -0.706705625657602 -0.0996891096794342 0.118155501390155 -0.456602755072751 -0.594740462024605 -0.31633176077772 -0.187426253922221 0.0451244288089235
1.65069331165647 1.20229722899658 20.2852032424102 0.175872919308904 0.365703183413206 -0.913963838395806 0.610691396539488 -0.76871886012317 -0.190071913452832 -0.0871166149914241 0.244798451715159 0.476117907631817 0.0512932266416491 -0.344662153069902 -0.21941307423685
1.83069629938308 0.748788089929225 20.0489061765136 0.384356677945525 0.743080179690334 -0.547815471367884 0.745945635395154 -0.599585497406786 -0.289935062271407 -0.0738380624498294 -0.205093307874775 0.0230259020100948 0.0618925621010193 0.563907572770519 0.365774129987472
2.08437061490019 0.552055431846344 19.5801424423575 0.563070774408447 0.810246154758924 0.162642158450657 0.762319186203235 -0.433254460852522 -0.480791046607379 -0.194716422786871 0.417809638138944 -0.257767909282077 -0.0710451196146303 0.547208229386179 0.0984627504983173
t = 500000
b = 20 20 20
E = -1.21603524035897 -1.48586220123962 0.269826960880652
-8.96651982235993 -25.7317693917604 18.6407399174621 0.703593482360264 0.657145941604613 0.270398637224268 0.614499127010678 -0.371573484430296 -0.695933882327518 -0.372355544072518 -0.385909496203369 0.0618990029360551 0.740847097424767 0.472481733396522 0.438100218522002
-8.63011927925399 -25.6149704473634 18.1840038078795 0.611855762186796 0.2621052169314 0.746279693905818 0.790923262920718 -0.192554205746065 -0.580829811580255 -0.134301525282748 0.166130734343475 0.0900621287644971 0.459716573372943 -0.0441103611328614 0.580903963386381
-8.20059984141175 -25.3957310231611 17.8956821372523 0.517295008327716 -0.308742340064895 0.798175445507107 0.806422897003137 -0.136387151443362 -0.575396086283406 -0.342403239746451 -0.262733279642918 -0.139606857765529 0.913272729699596 0.0482017066504416 0.062826805754383
-7.6408501343924 -25.2744483652509 17.7916078593336 0.1487002394254 -0.809742312011868 0.567631594374781 0.838119176970579 -0.201446329184469 -0.50692762960036 0.397848518236301 -0.446723068028988 -0.0916878740566667 -0.408982198973357 -0.0648040215338109 0.0217187413595638
-7.12496007159357 -25.274873331559 17.8437427896078 -0.273577795185959 -0.960761895115686 0.0457358817002759 0.904191083958382 -0.273102775422358 -0.328410349634109 0.0986196639405199 -0.72228262430229 0.16060993714473 -0.133525089941496 0.127039970188153 -0.14198189908668
-6.60311329815677 -25.5870137201658 17.9178881276891 -0.59124551968566 -0.695368517503385 -0.408523390170951 0.80620859959821 -0.496182876806255 -0.322227011124363 -0.210555984995539 0.17813889907823 0.0356341789707183 -0.00597131405025065 0.0636929241124664 -0.385476939248402
-6.2984280135311 -26.0581071832604 17.8837113697115 -0.674238315634627 -0.30468303026381 -0.672733933141046 0.680374812832924 -0.61053674891835 -0.405382525872522 0.328620124026776 -0.162711392425661 -0.2276446798124 -0.258354855343168 0.326210673356928 0.0733519984438347
-6.18805723768551 -26.5479843452855 17.8348406452698 -0.241695565423802 0.330987847905709 -0.912156948223961 0.525763598574839 -0.745413077936226 -0.409795048353797 0.0422700738389584 -0.17190054166917 -0.358816316998946 0.00961114457910805 0.168723679094645 -0.395809101158503
-6.58566278299581 -26.2704527373464 16.73688474099 0.355153460707177 -0.192703320555528 0.914730260565708 -0.79319300865431 0.455694116921724 0.403965001980181 0.0324041754718913 -0.240551511762352 0.104837371793538 0.23892685904766 0.220107568819829 0.506965719920323
-7.09186436816129 -26.3491543133428 17.0313188600711 0.636738952095826 0.211213254896031 0.741587801841523 -0.757369442912595 0.351868289452202 0.550072935000652 -0.0506078344842296 0.278061723806913 0.433824073078392 -0.623166066888102 0.106010314144193 0.196909918121248
-7.32045440612766 -26.4272329334267 17.4870496542519 0.660663653013464 0.642052815486249 0.388962362849048 -0.671320557491713 0.273449751066964 0.688878757642042 0.0724687062179244 0.067633999806152 -0.216238660409123 0.141987940308369 -0.0930965844476663 -0.348770598501154
-7.4036146348003 -26.4585086506246 17.9858356378039 0.165525321894593 0.964374488667482 -0.206357004773248 -0.758334401687907 0.258235093980097 0.598534519851403 -0.40093911996163 0.327828936019432 -0.250118373129282 -0.451214141598189 -0.281520057035729 -0.153170033723252
-7.49469968656664 -26.2298903979443 18.4918169092783 -0.195307141486257 0.710915155179276 -0.675614359395081 -0.661634360988246 0.412994865827116 0.62583960657672 0.0700638695181604 0.681719459431037 0.121074827546362 0.0026485825909947 0.334723799415384 -0.303450203422549
-7.57389628421597 -25.7499622368281 18.8597090936555 -0.54961447105367 0.257956679630539 -0.794595673687206 -0.677141659101597 0.419506310154143 0.604560691122102 0.449024298488407 -0.314190031652071 -0.0426946701023773 0.0864223643411256 -0.027784630242231 -0.124099555794208
-7.87041556476502 -25.3201802706149 19.0601633145096 -0.578685228703261 -0.196687260106163 -0.791478065263067 -0.740750219417314 0.532771517801487 0.409198756416401 0.359469538356141 0.0116121342721525 0.0691217785500893 -0.109012003102887 0.275482463180367 -0.0306045226272679
-8.06836540806707 -24.8977130409696 19.0074324989654 -0.704232504606803 -0.676787935245612 -0.214510303158593 -0.697842145918783 0.604245926314367 0.384581850731354 0.279986010551012 0.25064898000849 -0.107244352214039 0.0467169448048371 -0.146699445502936 0.492165205513283
t = 600000
b = 20 20 20
E = -0.986019434240772 -1.27754099821544 0.291521563974667
-30.9237621419705 -15.8288081063313 31.9395829426775 -0.962060028075917 0.268321725321924 0.0494363641345116 -0.183831176413503 -0.771372301989063 0.609254355998006 -0.123626636323834 0.575173259940657 -0.0815324061447743 -0.463323084164166 0.138830324842791 0.105864562271421
-31.051277142938 -16.0921765477538 32.3705538905817 -0.833091955629 0.114861915529798 -0.541077197659607 -0.402013334771025 -0.797618753673585 0.449654981574229 0.40298621071129 0.120242582759489 0.0198628168196971 -0.141789571254992 -0.268603679129904 0.298414615041379
-31.3845605418093 -16.2493941725411 32.6789032455005 -0.432872512788428 -0.17875325168027 -0.883554561238841 -0.358263213912236 -0.865298027468278 0.350580651515202 -0.0916259768388941 -0.315754072665346 -0.350981392470351 0.0167339808566946 0.368574457954664 -0.42234396066581
-31.7665269124229 -16.5928286821511 32.7966108413233 -0.0467242728851347 -0.212246712092207 -0.976098445613651 -0.559852789035871 -0.803703036090915 0.201559629854318 0.297255763760899 -0.336769768105577 0.061212160610405 0.0551141491455519 0.372113767978962 0.313150760386229
-32.2453486840448 -16.9275820562321 32.7955567679592 0.471700104898914 -0.305416577835893 -0.827175752196238 -0.534614364054649 -0.845065837694353 0.00715623562932512 -0.344583325542353 -0.180958659566143 -0.115281431479977 -0.0814343935535228 0.116861331979317 0.243063446588063
-32.6164469379509 -17.1820522602277 32.6037953235716 0.820905148650518 -0.541012192521157 -0.182812867333159 -0.544274732426834 -0.83812134738398 0.0362990730042954 -0.619725929112093 -0.00355529853239093 0.105990004875456 -0.155386703381728 0.285174211948411 -0.288084387043456
-32.7792170236817 -17.5809871438851 32.3446928608816 0.744210372516181 -0.456806605723523 0.487317808423475 -0.519219590125561 -0.85460186203124 -0.00816545421831446 0.0974870543549503 -0.279795640664389 -0.181147310177948 -0.19066047935183 -0.184847644046816 0.121662738736059
-32.7440021696816 -18.0914976421069 32.1872848161351 0.197622272302673 -0.170638335393914 0.965312382591185 -0.376782250381982 -0.922310262778398 -0.0859006110030977 0.0975315404279612 0.473090270379404 -0.763918976558297 -0.0932104988695329 0.43987675303764 -0.395800472270723
-32.1826441975552 -18.1824371826607 33.1516489530862 -0.482319976876847 -0.868388688453901 0.115189086596053 0.874514873723728 -0.484965074747538 0.00571068394027683 -0.014729993789463 0.608159290134111 -0.307037516322579 -0.193731148529762 0.0092149146736589 0.131627773898665
-31.776845418651 -18.0048543859404 32.5282979293448 -0.912087434493588 0.206396248250519 -0.354255699385361 0.345493005416838 0.852140962509837 -0.393052621439977 -0.151214582479832 0.296519199260118 -0.0331860359488369 0.363470278180474 0.0152725437954525 0.196478818664567
-31.7034132458035 -17.7500648444118 32.0863317012014 -0.786542186873451 0.418843264544045 0.453785971592814 0.350149231346437 0.907773044195785 -0.230962369270421 0.504286915026428 -0.42500489498279 0.00300268084101049 -0.108295984201205 0.18836547928915 -0.154831037345973
-31.6135102631169 -17.2733369470308 31.8606447347321 -0.698029307969165 0.220067149534105 0.681414363593808 0.114184718929168 0.973635593809543 -0.197472986583578 -0.325209078157073 -0.0492850974496652 -0.012856016327115 -0.157985350867529 0.602631583179327 0.102631450999143
-31.8179872822312 -16.8654063302542 31.6248092088276 -0.091059178481866 0.245403217088341 0.965134957949897 -0.0125480475063891 0.96880166951943 -0.247519436893619 -0.0330267270920598 -0.061458817554757 -0.376480689681731 -0.0233512543748747 0.0127606703014036 0.347267666330412
-31.9691943091306 -16.3572701008863 31.5996922964645 0.485624749842854 0.0651581832729976 0.87173563279968 0.0821544971553263 0.989402763203981 -0.119719717513458 -0.22796362594426 -0.591907972004544 0.686661766557814 -0.567069363545999 -0.608022588940505 0.0287032218183727
-32.1138570741458 -15.875369892122 31.7873686797426 0.859947940025281 -0.225981267462779 0.457626493116601 0.214584448477795 0.973621867507651 0.0775498135547565 0.230241118812374 0.00189206382528834 0.199060157020913 0.104521247947989 -0.391392654664191 -0.425642968107249
-32.0650907171712 -15.477807073395 32.1078086924989 0.924509880066491 -0.280204461829539 -0.258392997641738 0.237068783792153 0.953553861036244 -0.185831713801042 0.503695496398737 0.526495659506649 -0.313201774813179 -0.499704732033025 0.294194510576798 0.345709648435945
t = 700000
b = 20 20 20
E = -1.13549190441413 -1.37816981343236 0.242677909018235
-34.3812563306043 0.415746648962564 22.5480315218031 -0.322340014690162 0.338049257638549 0.884205640300669 0.696252934286897 -0.548172965598275 0.463398587917633 -0.218140708387563 0.281914753992594 -0.694848460705156 0.448580706977691 -0.307527769050569 0.0499284079177491
-33.9496899214383 0.402939384245784 22.8292266065356 -0.647961534863249 -0.222043825773746 0.728589314204792 0.718653125094193 -0.495152551490031 0.488222937340341 0.353684032671982 0.118550113215441 0.128770694781913 -0.0253650502488721 0.283684718254935 0.308608563884781
-33.6734170481544 0.39902357837251 23.2466074208293 -0.689272634769125 -0.662350985038061 0.293588841030296 0.686763005017624 -0.46823939811335 0.555975216168458 -0.0845075353967646 0.0161096149111116 -0.276372437453046 -0.695234308187419 -0.318138025704184 -0.219097733525068
-33.4780796743053 0.26445588909105 23.7598352829095 -0.539887846009347 -0.81475803632829 -0.211401173056948 0.62769184008819 -0.557028924908408 0.543803025646315 -0.361997492942743 -0.00658035210621147 0.158312720508627 -0.0242931060921373 0.254048989835698 -0.102109072946334
-33.3716539615871 -0.0854474082905412 24.2081147847863 -0.34057577370228 -0.688479745803655 -0.640315376970789 0.558366700432792 -0.696034101596148 0.4514013261645 -0.0113835175950851 0.0670423978705243 0.0744479652198718 0.0463757882652054 -0.0703178515894892 -0.388877037873761
-33.384337492206 -0.489476426145735 24.4988778556434 0.237999369690229 -0.386659665098972 -0.890982942268022 0.639296596039942 -0.628243297190536 0.443407512145282 -0.0174337058301208 0.0667132125963034 -0.20033292239522 0.45194361645103 -0.451831044210288 0.281347712769048
-33.1931051618715 -1.01399612811513 24.6147518267471 0.537096736527201 0.205168445698749 -0.818188856255921 0.750639685640339 -0.558730531123672 0.352647495286722 0.12829896508651 0.236117620485886 -0.445732529735911 -0.339234247286515 -0.242072841291839 -0.206328836100571
-33.0114327674166 -1.45128752883008 24.524689318687 0.676773393912925 0.695123539174926 -0.242448012110798 0.722644815050078 -0.564375388589626 0.399080057175902 0.0112783108393504 -0.34701558644733 0.593788464988045 -0.232135969344783 -0.310806041107863 -0.229960788560146
-32.1327979046349 -1.41719224658957 22.3996482852887 0.0984250818358996 -0.96140086843916 -0.256945273219825 -0.798885706614701 -0.230291225282873 0.555650591041169 0.242674340727201 0.353024502236554 -0.195941275011462 -0.146155339449896 -0.466996592578741 -0.0554628807908656
-32.7380890434881 -0.923809525252253 23.532654248909 -0.384420991457232 -0.0936277086482409 0.91839770987319 -0.906847410376519 0.224481875112779 -0.356701082195319 -0.399392757582242 0.0180310448985005 -0.410062671297108 0.490658748160986 0.00913359400685883 0.589383668270278
-33.2199167633326 -0.957612387247373 23.386031233923 -0.0801703672381865 0.383904815334112 0.919885756482916 -0.887385334908347 0.392845335636534 -0.241287814980876 0.516417316769929 -0.0489200659428723 -0.272436931789733 0.308360196168483 0.0208142165245918 0.0229821659672726
-33.769195546089 -0.913299749965223 23.4624862274768 0.262409776500351 0.703014511180505 0.660992969907162 -0.822804682978705 0.520873580612075 -0.227339320595251 0.0765531950743954 0.0818459557308209 -0.0202283227988994 0.0929420426770434 -0.227656910706854 -0.232126252801958
-34.2109001892164 -0.695103051108706 23.5226174079963 0.615918221227909 0.758474875841298 0.212980298330642 -0.724046234052496 0.651535095522518 -0.226404660413374 -0.144617454460176 0.0369838906189507 -0.0788896700318919 0.227557890079602 0.047979846533287 -0.726369571995348
-34.6111162801578 -0.284639500492251 23.6207768052257 0.844549014782526 0.485659197862831 -0.225548454131519 -0.535277402202082 0.777223370472601 -0.33075963339411 0.0485042849687255 0.262418659838424 0.441433015292391 0.101704600748981 -0.105853086017889 -0.47925713908801
-34.7747331606745 0.264166092672014 23.6816425012057 0.735132554191791 0.0540192726627134 -0.675767745566803 -0.413933489724825 0.825195477569539 -0.384332525143222 0.150529227140028 -0.195165763833932 0.267603415740342 0.282241906614439 -0.308320530744018 0.0874670848024286
-34.6946621733828 0.766366368008882 23.631234042356 0.253143143650836 -0.298461294722536 -0.920238775739817 -0.463928625661406 0.797260083611784 -0.386195014689737 -0.123998788859411 0.285856388201571 -0.133294649297193 -0.294608490563985 -0.327525467107411 -0.119738366778346
t = 800000
b = 20 20 20
E = -1.14036414848029 -1.39528533432148 0.254921185841191
-22.5173529165267 17.4171651597891 22.6854793207626 -0.842643274586883 -0.389068262725468 -0.372260928292616 -0.236617679321702 -0.353465046512305 0.905027366838437 0.668312131290888 -0.658164555145685 0.126151107198754 -0.0339188697823617 0.0689237322096321 -0.253368635891116
-22.8714031317552 17.5303814909249 23.0698504374643 -0.455422571544744 -0.794471925045039 -0.401751965325396 -0.412887612981557 -0.211316631089702 0.885928383376029 -0.0180965827407146 0.122944515861231 0.465218949861134 -0.387793708978448 0.146679488679854 0.52457513082053
-23.3817567189827 17.4881695710768 23.2887546473167 0.214357754866325 -0.975072266397026 -0.0573134210464311 -0.422064654042822 -0.145382809464777 0.894832535461156 -0.221647023273996 -0.393050169915271 0.213093600102477 0.155251604590984 -0.0843651576982908 -0.346261091679111
-23.7166985823352 17.3281022425291 23.6621623786723 0.785068373089312 -0.606270770061237 -0.126899184174938 -0.0903779043272874 -0.314798309994539 0.94484594428616 -0.120994781226621 -0.350738498802408 -0.0926443747778512 -0.311422138656527 0.0981281917156406 0.185037667820096
-23.829207555975 16.9447291919483 24.0575241354571 0.997600852343652 -0.055626466719505 0.0412096542516264 -0.0573635938663765 -0.330971592289252 0.941895547922514 -0.126480749027633 -0.0495014240922991 -0.286173847000911 -0.126161236177263 0.399769533484822 -0.224743791248918
-23.8164766225047 16.6082051753334 24.4669957222667 0.931448041882834 0.36368994796411 0.0115830489286607 0.110057654898893 -0.31192513252163 0.94371077364807 0.287632579207534 -0.48426630246439 -0.137416405594798 -0.279099813181177 0.124303491637867 -0.0763020646479191
-23.5552911158363 16.307467218485 24.8107940135283 0.629772129861654 0.776359164015305 0.0255638983526772 0.246453159260685 -0.23091270618234 0.941243944157941 0.368835611449152 0.410517852662269 0.0393413551512569 0.621163961499653 -0.108236494421762 -0.270852824801
-23.2240963754612 16.1480312890928 25.1677361727971 0.00235964698951131 0.977656715899113 0.210194619159144 0.0103072879971469 -0.210207816658851 0.977602390355977 -0.164573274896487 -0.280188797246884 -0.27252091733501 -0.0177983705971657 -0.135709211114764 0.154398056713916
-23.2828483272086 17.3270505297008 25.3764419827421 0.105935967728366 -0.963018339453835 -0.247736248088658 0.0471202962362929 0.253719971757254 -0.966129315161309 0.0533121357361745 0.0771953495251897 0.201276526924356 0.160712205349259 0.0471123154527588 0.219588412121144
-22.9102324493438 17.2831406765619 24.9307355673767 -0.611364994710447 -0.766526712758109 -0.19664598107003 0.252376454593241 0.0466583995856013 -0.96650355349325 0.0661173596269996 0.0545796313678964 0.117463150968682 0.201224758766619 0.370192507109967 0.371679502701135
-22.6724060063772 17.0598729481218 24.4892981309215 -0.926280946743399 -0.371978242233138 -0.0602975538914049 0.0767454108205015 -0.029556874204286 -0.996612529073013 0.0440186096935705 0.202897270456905 -0.234140804360282 0.158651475959362 0.286812402681939 0.775222529989001
-22.6612168235692 16.7524860760379 24.0809192060487 -0.97434031232123 0.225079855507895 0.000120126149326165 -0.00918590243132852 -0.0392312605007153 -0.999187933972424 -0.0644311445812468 0.0872282027583438 0.256560340585509 0.189677549851538 -0.102044073578771 -0.175992590524827
-22.8074569023696 16.5352246525965 23.6257438547705 -0.732971370063409 0.680227841457681 0.00656158313240813 -0.19337867378527 -0.199105728808162 -0.960708903508675 -0.165645159471571 0.0414730734835784 0.440941783549013 0.0187281004912601 -0.0191982881689438 -0.460973042401985
-23.0629680312578 16.3335714034646 23.1730284264977 -0.269280693513072 0.953330913896669 0.136557960991059 0.00547962512920442 0.143310022049477 -0.989662675505464 -0.404450961316564 -0.0299688338335942 0.197501143492274 0.786514046397518 -0.137511390234152 -0.522842358279995
-23.2959322505065 16.4945541022043 22.6931388986333 0.284622076327755 0.936604428077771 0.204358554927497 0.101461424896385 0.182546525748735 -0.977948027859908 0.0225382564947745 0.501569296953329 -0.06567880706584 0.52641002784687 -0.156407581464715 -0.454234415534042
-23.4836136970144 16.8402684798672 22.2802291678765 0.775749000106115 0.575186148442443 0.259565759441116 -0.0088483875017801 0.421203305467848 -0.906923084666801 0.288970734831493 -0.169301619828947 -0.287275277941136 -0.299721945489397 0.180410201856754 0.0888489472819851
t = 900000
b = 20 20 20
E = -1.08485894354106 -1.36699101894853 0.282132075407467
-20.6244946264672 12.1180948605899 12.4164679846901 -0.626911694265077 0.773236427869532 -0.0953265661254811 0.427874274299351 0.2394589908548 -0.871540588321388 0.106323828433026 0.0803230869347634 -0.346821723911778 -0.401296783102556 0.251670644656998 0.133675185945515
-20.4965210242562 12.2614541927155 11.9252240030951 -0.39953726983041 0.836488337626234 0.375042972246841 0.517198248641653 0.543470856656888 -0.661169720697067 -0.476746588113665 0.338913572510364 -0.243297146322471 -0.283018723296696 -0.149686214881707 -0.204104576643095
-20.535862647508 12.6114054396332 11.5043903931175 0.157784649056051 0.690859289529394 0.70556179502095 0.49584636180466 0.562471096425763 -0.661636343598711 0.476576078432954 0.19060054403202 -0.238072630061041 0.232562753328037 0.333281793829883 0.0543313988827706
-20.5344436115015 13.0541498788586 11.2141632087212 0.482462926125819 0.281918342492259 0.829307887988877 0.468681276723781 0.716763094209769 -0.516322116151764 -0.286482257359314 0.209657785004644 0.116927884695004 0.144223998954944 -0.026990926894098 0.127813786992647
-20.5031061853901 13.5205365432859 11.185133709657 0.870285325356197 -0.166522938097672 0.463544564801444 0.423443398138918 0.733671034031496 -0.531434382022607 0.148607525840611 0.798127817337505 -0.13275791220006 -0.638049672157536 0.483348898219365 -0.418437955276427
-20.2181436685733 14.024255605963 11.1630049730796 0.799290066689996 -0.597453143451545 0.0646925859012067 0.543182301130405 0.672211708267016 -0.503074951679577 0.160432385823358 0.15028300134618 0.524441073152095 0.40812396734514 0.135208651017031 0.156030344116962
-19.8619124731919 14.420529702891 10.9931342025312 0.652607939391704 -0.756545679882013 -0.0417314233499949 0.704461987554554 0.626116206942125 -0.334233157384341 -0.136933823523578 0.434300185328871 0.466108457908715 0.385130455247421 0.529692068252783 -0.0225794584444562
-19.4554366505688 14.6429869267528 11.0191559802711 0.145274943075625 -0.77711608085506 -0.61236083136567 0.729459157540341 0.502266771672505 -0.464346236718044 0.123424479048144 0.00750093757424847 -0.245317973385537 -0.37967301053465 -0.16375273494366 -0.547548774982772
-19.3546552369449 13.6444430388383 10.4388081995275 0.45358294961002 0.746136564478344 0.487383560423941 -0.35613252100075 -0.349566745766021 0.866586820659181 -0.0774191822892485 -0.244372466082351 -0.235458574108788 0.210673278639679 0.300735293627362 0.830416795281617
-19.1943001178496 13.4647675804952 10.8311637918344 -0.51053269084418 0.810154161642774 0.28810867038731 -0.483351915991386 -0.547511793141391 0.683082543825095 -0.111426295405029 0.218903540347261 -0.210150289854276 -0.224595775250187 0.0495342821129895 0.130312998753124
-19.2748266868901 13.3247612834444 11.3325919334045 -0.780376012521779 0.608738128973106 -0.143007585165843 -0.543599629228131 -0.54739164725693 0.63628753533009 0.0244709944824188 0.195216191925411 -0.199183778557287 -0.00173414966143775 -0.240764731539973 -0.10852251899592
-19.5143451230103 13.3992898329735 11.8113935115439 -0.817325772145363 0.0687415882660311 -0.572060465536336 -0.545891104426229 -0.410040025294593 0.730664136087644 -0.356230923650635 0.417536160873149 -0.319108242571894 0.563966000419612 0.440649698977931 0.231223426015774
-19.9224498618453 13.4410288831439 12.2033851026432 -0.54306316467211 -0.227440569284184 -0.808302657808322 -0.743018421426043 -0.318263401872094 0.588754645374737 0.471796531590909 -0.0829681329117569 -0.349387738308198 0.448705259681501 -0.566330902253518 0.0417649153641042
-20.3948437182538 13.5121532178489 12.2913943575394 -0.0798506571253641 -0.816711780777478 -0.57149430416749 -0.78460032526906 -0.302135382737129 0.541402382785567 -0.0871115362033409 0.35704255452323 0.22836960139687 0.145217121648235 -0.338050082125792 -0.32561938726564
-20.9934722843637 13.2646319257491 12.4051199248321 0.310006682162319 -0.861245338165717 -0.402681418124277 -0.725534153405155 -0.488023021733918 0.485215130123091 -0.183429380024096 0.240539773166551 0.256958007457441 0.211298545615704 -0.131836383551877 -0.0248921623223388
-21.4075970826706 13.051544157131 12.2767253821823 0.650932489628463 -0.703648405751966 0.284896147795726 -0.727366254841416 -0.470671822558907 0.499406013947648 -0.0367876565677249 -0.0509291323989922 0.0587661786896999 -0.134743852522039 0.394041891973587 0.263490753592564
t = 1000000
b = 20 20 20
E = -1.00379099960234 -1.34957202330335 0.345781023701006
-20.068861649794 15.969183925833 10.8393392889181 0.612525547336339 -0.471101206831025 -0.63472522147987 0.725047163669979 0.654680293944557 0.213776339136929 0.298342347018146 0.0334115022433032 -0.473463016251389 -0.0407235176362569 -0.0293255724035305 -0.192404121900037
-19.6641771700673 15.9698213199941 11.0811115073704 0.342777504338374 -0.0075469268209508 -0.939386303080429 0.849205479554363 0.430069054487819 0.306415831619057 -0.22798931043667 -0.559175489888537 -0.238209267691676 0.185198589146415 0.138281749685464 0.033155410501203
-19.1055045300257 15.8197437390926 11.0515167720442 -0.0299287096024881 0.577371149517496 -0.815933102678385 0.887585069146417 0.390747870704973 0.243944351375229 0.0720263031958558 0.35111225614064 0.0273309528215263 0.105851396549466 0.0612113762934849 0.372937431952806
-18.6394220903264 15.7975930998522 10.9701482769765 -0.346316376389873 0.904071708137978 -0.250438243861968 0.867350611501113 0.410289291757377 0.281719033432027 -0.385002092027795 -0.193410240089383 -0.500451204957483 0.0276946583005062 -0.13454505809248 -0.0677349286139924
-18.1707234393442 16.0752878397682 10.9758283734118 -0.649693289383638 0.757642531650243 -0.0622609344973109 0.659166018654913 0.602253985927747 0.45032243591095 -0.504923804944561 -0.834538813540945 -0.773672911490946 0.184847005024966 -0.10172260177967 -0.0891096043510941
-17.9113747439325 16.5123268856429 10.8799001398554 -0.779449249380041 0.397303357066005 0.484364439348073 0.601187644158406 0.691792303965325 0.399996030837324 0.246945848271102 0.241514300080225 -0.160075875817788 -0.188986428289019 -0.945740257984051 0.232452192851399
-17.8408945472071 17.0590335275063 10.8211965418439 -0.449989667818697 -0.111501321903201 0.886045571102445 0.550947035732053 0.746190470494596 0.373707299314741 0.355375672462812 0.190254158213488 -0.331526935622507 0.104835614811051 0.478833239872383 0.435636543933847
-17.8530250247897 17.5258330604141 11.0667375624544 0.32599149092112 -0.700951857266007 0.634346941068025 0.409865829328182 0.709452309501331 0.573312674281975 -0.256416989102646 0.395539393430748 0.415240585882307 -0.046900616716435 -0.0407547807860984 0.0773639579591834
-17.9508991718645 16.8759814830354 11.9824379967195 -0.0267660873251099 0.749533717565377 -0.661424812659708 -0.700317627861219 -0.486211913303936 -0.522640598756124 0.0856870665251079 -0.165895123021346 0.60799241354759 0.217490523806989 -0.550733179633197 0.536403738011318
-18.4374112191267 16.9866219650743 11.8269111867025 0.539055807123446 0.141243130455045 -0.830342829743082 -0.670637028757028 -0.524456768207887 -0.524586574304836 0.0497829008811726 0.304698718137913 -0.143479790052238 0.123551826218424 0.669782895936972 0.139245125304374
-18.7933077673889 17.0363808323862 11.4404501165879 0.762333922036987 -0.5271055490408 -0.375508630369665 -0.626967286508786 -0.457605896315423 -0.630483041251046 0.489340804279206 0.414253945626402 0.500267052343417 -0.266030154337156 0.175908294487578 -0.714816294086537
-19.0466437651604 16.9625971153165 10.9274901920109 0.711527408451395 -0.701021183145651 -0.0479379578571505 -0.580610479976503 -0.548144066636326 -0.602021222842555 0.000911051315756623 0.283625145336143 0.33867842674975 -0.395818772450355 -0.218288019107246 -0.567915045097984
-19.091459512333 16.8385711129275 10.4263898030487 0.406759114094195 -0.791617847081889 0.455947592693218 -0.497705013332281 -0.610558516066092 -0.61604222108804 -0.234485988294307 0.270168019760912 -0.330286666615707 0.274596930203069 0.118050891982791 0.4065345680724
-19.0554248972373 16.5008062252308 10.0330908875002 -0.0587565949369959 -0.557222971986739 0.828281487202072 -0.493707585617121 -0.704920153168869 -0.509254747214488 -0.164417074302146 -0.446633799806942 0.135204601593212 0.353215419568446 -0.210983418929277 -0.345251977772491
-19.2718630596645 16.0094295386796 9.93605209336233 -0.338867938150294 -0.0101245251116476 0.940779471760004 -0.592280283934776 -0.774638040624159 -0.221675373643768 -0.498155147802585 -0.294919687991465 -0.256453500075721 0.322129513890609 0.229105144572675 -0.0245997394784768
-19.372262736361 15.5038848265262 10.0061580653454 -0.618708948094909 0.532129639845095 0.577959586775425 -0.753449350645795 -0.610282429869645 -0.244682307909321 -0.234427625910472 -0.0930601771016741 -0.588988447199908 -0.0936382181343395 0.107662905616893 0.0486913163820411
