        0.0000  -1.345520   0.322380  -1.023140 
        5.0000  -1.325103   0.272601  -1.052502 
       10.0000  -1.357346   0.265083  -1.092262 
       15.0000  -1.448786   0.344414  -1.104372 
       20.0000  -1.411390   0.285207  -1.126183 
       25.0000  -1.428209   0.280319  -1.147890 
       30.0000  -1.411296   0.267197  -1.144099 
       35.0000  -1.401436   0.238833  -1.162603 
       40.0000  -1.414628   0.247553  -1.167074 
       45.0000  -1.427050   0.260708  -1.166343 
       50.0000  -1.400108   0.287275  -1.112833 
       55.0000  -1.396634   0.293765  -1.102869 
       60.0000  -1.424600   0.335700  -1.088900 
       65.0000  -1.366037   0.300124  -1.065913 
       70.0000  -1.328766   0.303660  -1.025106 
       75.0000  -1.342579   0.334203  -1.008376 
       80.0000  -1.346667   0.324548  -1.022119 
       85.0000  -1.375322   0.353191  -1.022131 
       90.0000  -1.395732   0.371830  -1.023902 
       95.0000  -1.398280   0.394034  -1.004246 
      100.0000  -1.413812   0.326719  -1.087093 
      105.0000  -1.344686   0.237682  -1.107004 
      110.0000  -1.446257   0.346769  -1.099488 
      115.0000  -1.434906   0.302889  -1.132018 
      120.0000  -1.417603   0.282565  -1.135038 
      125.0000  -1.331836   0.196190  -1.135646 
      130.0000  -1.472882   0.359354  -1.113527 
      135.0000  -1.394565   0.339079  -1.055486 
      140.0000  -1.417093   0.358677  -1.058416 
      145.0000  -1.383769   0.370175  -1.013593 
      150.0000  -1.349353   0.335731  -1.013622 
      155.0000  -1.365823   0.374799  -0.991025 
      160.0000  -1.381267   0.349777  -1.031491 
      165.0000  -1.322844   0.289292  -1.033552 
      170.0000  -1.379753   0.359100  -1.020653 
      175.0000  -1.325429   0.302688  -1.022741 
      180.0000  -1.375927   0.360985  -1.014942 
      185.0000  -1.363592   0.333050  -1.030542 
      190.0000  -1.293952   0.269939  -1.024014 
      195.0000  -1.314746   0.319032  -0.995714 
      200.0000  -1.295176   0.281499  -1.013677 
      205.0000  -1.345507   0.329722  -1.015785 
      210.0000  -1.290419   0.278106  -1.012313 
      215.0000  -1.321865   0.290649  -1.031216 
      220.0000  -1.299405   0.258188  -1.041217 
      225.0000  -1.347487   0.321864  -1.025623 
      230.0000  -1.343788   0.309508  -1.034280 
      235.0000  -1.313731   0.281970  -1.031761 
      240.0000  -1.327664   0.310976  -1.016688 
      245.0000  -1.378282   0.386776  -0.991506 
      250.0000  -1.348783   0.358721  -0.990062 
      255.0000  -1.304316   0.283374  -1.020942 
      260.0000  -1.409081   0.371107  -1.037974 
      265.0000  -1.328923   0.290750  -1.038173 
      270.0000  -1.314544   0.261384  -1.053160 
      275.0000  -1.362154   0.265543  -1.096611 
      280.0000  -1.352771   0.256426  -1.096345 
      285.0000  -1.355923   0.250748  -1.105176 
      290.0000  -1.457440   0.347497  -1.109944 
      295.0000  -1.346571   0.243409  -1.103162 
      300.0000  -1.390612   0.287659  -1.102953 
      305.0000  -1.386952   0.295918  -1.091034 
      310.0000  -1.378789   0.286144  -1.092645 
      315.0000  -1.330400   0.258706  -1.071693 
      320.0000  -1.379405   0.287957  -1.091448 
      325.0000  -1.324508   0.219262  -1.105245 
      330.0000  -1.373622   0.298973  -1.074649 
      335.0000  -1.348544   0.316249  -1.032294 
      340.0000  -1.301366   0.279673  -1.021693 
      345.0000  -1.309240   0.293788  -1.015452 
      350.0000  -1.408204   0.361632  -1.046572 
      355.0000  -1.323008   0.285064  -1.037944 
      360.0000  -1.408289   0.391898  -1.016391 
      365.0000  -1.413942   0.375380  -1.038561 
      370.0000  -1.308006   0.344880  -0.963125 
      375.0000  -1.279872   0.342365  -0.937506 
      380.0000  -1.293561   0.372343  -0.921219 
      385.0000  -1.272698   0.363959  -0.908740 
      390.0000  -1.323017   0.395537  -0.927480 
      395.0000  -1.295445   0.390133  -0.905311 
      400.0000  -1.269653   0.332006  -0.937647 
      405.0000  -1.292139   0.333639  -0.958501 
      410.0000  -1.329250   0.378825  -0.950425 
      415.0000  -1.267578   0.347433  -0.920146 
      420.0000  -1.283492   0.370359  -0.913134 
      425.0000  -1.332642   0.387406  -0.945236 
      430.0000  -1.288805   0.350857  -0.937949 
      435.0000  -1.313392   0.325033  -0.988359 
      440.0000  -1.261411   0.271441  -0.989970 
      445.0000  -1.348104   0.313236  -1.034868 
      450.0000  -1.379538   0.353946  -1.025592 
      455.0000  -1.415240   0.347770  -1.067471 
      460.0000  -1.377575   0.289767  -1.087807 
      465.0000  -1.392232   0.362526  -1.029707 
      470.0000  -1.333198   0.330799  -1.002398 
      475.0000  -1.402706   0.395347  -1.007359 
      480.0000  -1.287826   0.285420  -1.002405 
      485.0000  -1.281319   0.264079  -1.017241 
      490.0000  -1.344501   0.254242  -1.090259 
      495.0000  -1.406067   0.315451  -1.090616 
      500.0000  -1.356151   0.263587  -1.092564 
      505.0000  -1.377893   0.280617  -1.097276 
      510.0000  -1.385136   0.305401  -1.079735 
      515.0000  -1.427377   0.344199  -1.083178 
      520.0000  -1.352976   0.282287  -1.070689 
      525.0000  -1.357597   0.309316  -1.048280 
      530.0000  -1.377138   0.345276  -1.031862 
      535.0000  -1.407332   0.342295  -1.065037 
      540.0000  -1.382546   0.314116  -1.068430 
      545.0000  -1.350617   0.283795  -1.066822 
      550.0000  -1.379923   0.309015  -1.070908 
      555.0000  -1.323605   0.259851  -1.063755 
      560.0000  -1.415415   0.345921  -1.069494 
      565.0000  -1.401603   0.295345  -1.106258 
      570.0000  -1.423808   0.319922  -1.103886 
      575.0000  -1.418814   0.294160  -1.124653 
      580.0000  -1.365811   0.250319  -1.115492 
      585.0000  -1.384992   0.262878  -1.122113 
      590.0000  -1.416578   0.305391  -1.111187 
      595.0000  -1.370044   0.254146  -1.115897 
      600.0000  -1.420717   0.281798  -1.138919 
      605.0000  -1.402791   0.254843  -1.147947 
      610.0000  -1.432019   0.295053  -1.136966 
      615.0000  -1.458256   0.328344  -1.129911 
      620.0000  -1.410366   0.268659  -1.141707 
      625.0000  -1.449367   0.309722  -1.139645 
      630.0000  -1.418812   0.290191  -1.128621 
      635.0000  -1.433849   0.295678  -1.138171 
      640.0000  -1.410989   0.223317  -1.187672 
      645.0000  -1.412269   0.221118  -1.191151 
      650.0000  -1.405909   0.213875  -1.192033 
      655.0000  -1.449736   0.223650  -1.226086 
      660.0000  -1.499854   0.241122  -1.258733 
      665.0000  -1.504359   0.259586  -1.244773 
      670.0000  -1.459730   0.244806  -1.214924 
      675.0000  -1.430651   0.222334  -1.208316 
      680.0000  -1.483954   0.252603  -1.231350 
      685.0000  -1.484916   0.245155  -1.239761 
      690.0000  -1.442878   0.210685  -1.232194 
      695.0000  -1.443685   0.206898  -1.236787 
      700.0000  -1.483043   0.243372  -1.239671 
      705.0000  -1.433560   0.221060  -1.212500 
      710.0000  -1.415622   0.231123  -1.184499 
      715.0000  -1.401732   0.233291  -1.168440 
      720.0000  -1.459630   0.309454  -1.150176 
      725.0000  -1.442427   0.301302  -1.141124 
      730.0000  -1.393127   0.255453  -1.137674 
      735.0000  -1.413018   0.252198  -1.160820 
      740.0000  -1.397268   0.229004  -1.168264 
      745.0000  -1.423256   0.232200  -1.191056 
      750.0000  -1.471104   0.292396  -1.178708 
      755.0000  -1.459534   0.272827  -1.186706 
      760.0000  -1.426105   0.261766  -1.164339 
      765.0000  -1.396698   0.272920  -1.123778 
      770.0000  -1.398562   0.276383  -1.122179 
      775.0000  -1.433849   0.321423  -1.112426 
      780.0000  -1.392491   0.258325  -1.134166 
      785.0000  -1.357120   0.292606  -1.064514 
      790.0000  -1.406064   0.331633  -1.074431 
      795.0000  -1.298696   0.221796  -1.076900 
      800.0000  -1.408760   0.305511  -1.103249 
      805.0000  -1.390986   0.302236  -1.088749 
      810.0000  -1.364524   0.241019  -1.123505 
      815.0000  -1.452370   0.316878  -1.135492 
      820.0000  -1.381597   0.282533  -1.099064 
      825.0000  -1.345958   0.246579  -1.099380 
      830.0000  -1.330004   0.256170  -1.073834 
      835.0000  -1.365973   0.307891  -1.058081 
      840.0000  -1.401759   0.346660  -1.055099 
      845.0000  -1.352100   0.299825  -1.052275 
      850.0000  -1.316151   0.285255  -1.030897 
      855.0000  -1.336611   0.244521  -1.092090 
      860.0000  -1.349675   0.249548  -1.100127 
      865.0000  -1.378159   0.291339  -1.086820 
      870.0000  -1.354364   0.251879  -1.102485 
      875.0000  -1.343432   0.236161  -1.107271 
      880.0000  -1.366743   0.249221  -1.117522 
      885.0000  -1.391230   0.263790  -1.127440 
      890.0000  -1.419676   0.312816  -1.106860 
      895.0000  -1.427850   0.336403  -1.091447 
      900.0000  -1.438721   0.312289  -1.126431 
      905.0000  -1.400020   0.278155  -1.121865 
      910.0000  -1.423953   0.285433  -1.138520 
      915.0000  -1.373802   0.246385  -1.127417 
      920.0000  -1.448336   0.296451  -1.151885 
      925.0000  -1.431424   0.279244  -1.152181 
      930.0000  -1.398140   0.244650  -1.153490 
      935.0000  -1.434376   0.285183  -1.149193 
      940.0000  -1.412689   0.253112  -1.159577 
      945.0000  -1.374352   0.246337  -1.128014 
      950.0000  -1.399004   0.266464  -1.132540 
      955.0000  -1.392843   0.268815  -1.124028 
      960.0000  -1.386650   0.233716  -1.152934 
      965.0000  -1.394426   0.220058  -1.174368 
      970.0000  -1.427764   0.266317  -1.161447 
      975.0000  -1.363520   0.224267  -1.139252 
      980.0000  -1.432339   0.268490  -1.163849 
      985.0000  -1.435606   0.269391  -1.166214 
      990.0000  -1.388458   0.212488  -1.175971 
      995.0000  -1.410275   0.236967  -1.173308 
     1000.0000  -1.427250   0.263415  -1.163836 
     1005.0000  -1.435116   0.281361  -1.153755 
     1010.0000  -1.345416   0.174815  -1.170601 
     1015.0000  -1.411193   0.247738  -1.163455 
     1020.0000  -1.465946   0.302116  -1.163830 
     1025.0000  -1.421398   0.263810  -1.157588 
     1030.0000  -1.430599   0.289755  -1.140844 
     1035.0000  -1.374743   0.260558  -1.114185 
     1040.0000  -1.424099   0.288033  -1.136065 
     1045.0000  -1.415585   0.281855  -1.133730 
     1050.0000  -1.431091   0.259385  -1.171706 
     1055.0000  -1.460669   0.281399  -1.179270 
     1060.0000  -1.392361   0.201230  -1.191131 
     1065.0000  -1.396029   0.263288  -1.132740 
     1070.0000  -1.417369   0.284918  -1.132451 
     1075.0000  -1.435152   0.325293  -1.109859 
     1080.0000  -1.315013   0.210259  -1.104754 
     1085.0000  -1.423683   0.316593  -1.107089 
     1090.0000  -1.416604   0.304995  -1.111609 
     1095.0000  -1.409274   0.239366  -1.169907 
     1100.0000  -1.376384   0.221400  -1.154984 
     1105.0000  -1.391511   0.235809  -1.155702 
     1110.0000  -1.394303   0.266784  -1.127519 
     1115.0000  -1.446570   0.280582  -1.165988 
     1120.0000  -1.408176   0.227278  -1.180898 
     1125.0000  -1.365035   0.217006  -1.148029 
     1130.0000  -1.464098   0.305769  -1.158328 
     1135.0000  -1.450403   0.303459  -1.146944 
     1140.0000  -1.381811   0.272591  -1.109220 
     1145.0000  -1.435378   0.303409  -1.131970 
     1150.0000  -1.392717   0.256202  -1.136515 
     1155.0000  -1.407838   0.279970  -1.127868 
     1160.0000  -1.377964   0.271140  -1.106824 
     1165.0000  -1.381544   0.275463  -1.106082 
     1170.0000  -1.395418   0.290211  -1.105207 
     1175.0000  -1.388343   0.264498  -1.123846 
     1180.0000  -1.399447   0.272364  -1.127083 
     1185.0000  -1.472217   0.340120  -1.132097 
     1190.0000  -1.384972   0.248109  -1.136863 
     1195.0000  -1.349061   0.236759  -1.112302 
     1200.0000  -1.426707   0.343463  -1.083244 
     1205.0000  -1.377571   0.304787  -1.072784 
     1210.0000  -1.358207   0.282119  -1.076087 
     1215.0000  -1.360556   0.275291  -1.085264 
     1220.0000  -1.405463   0.309671  -1.095792 
     1225.0000  -1.365916   0.263784  -1.102132 
     1230.0000  -1.412460   0.306635  -1.105825 
     1235.0000  -1.400327   0.275239  -1.125088 
     1240.0000  -1.390090   0.299138  -1.090952 
     1245.0000  -1.392695   0.316904  -1.075791 
     1250.0000  -1.344425   0.254395  -1.090030 
     1255.0000  -1.392298   0.313854  -1.078444 
     1260.0000  -1.340969   0.268894  -1.072075 
     1265.0000  -1.393731   0.322361  -1.071369 
     1270.0000  -1.373391   0.292431  -1.080961 
     1275.0000  -1.397298   0.314861  -1.082437 
     1280.0000  -1.363808   0.289149  -1.074659 
     1285.0000  -1.466261   0.348794  -1.117467 
     1290.0000  -1.423930   0.288064  -1.135866 
     1295.0000  -1.390383   0.261998  -1.128385 
     1300.0000  -1.392552   0.249060  -1.143492 
     1305.0000  -1.430062   0.247325  -1.182737 
     1310.0000  -1.395823   0.225851  -1.169972 
     1315.0000  -1.400306   0.221209  -1.179097 
     1320.0000  -1.423004   0.255189  -1.167816 
     1325.0000  -1.406251   0.210445  -1.195806 
     1330.0000  -1.420212   0.234221  -1.185991 
     1335.0000  -1.447751   0.301318  -1.146433 
     1340.0000  -1.369398   0.228538  -1.140860 
     1345.0000  -1.438053   0.288492  -1.149561 
     1350.0000  -1.455007   0.301885  -1.153121 
     1355.0000  -1.476056   0.315987  -1.160069 
     1360.0000  -1.394808   0.240574  -1.154234 
     1365.0000  -1.393429   0.245848  -1.147581 
     1370.0000  -1.397932   0.260963  -1.136969 
     1375.0000  -1.364446   0.246286  -1.118160 
     1380.0000  -1.400387   0.287123  -1.113264 
     1385.0000  -1.411361   0.280388  -1.130974 
     1390.0000  -1.415036   0.292888  -1.122148 
     1395.0000  -1.398552   0.245088  -1.153464 
     1400.0000  -1.394633   0.215169  -1.179463 
     1405.0000  -1.463015   0.278298  -1.184717 
     1410.0000  -1.439865   0.251390  -1.188474 
     1415.0000  -1.446613   0.265752  -1.180861 
     1420.0000  -1.437978   0.248643  -1.189335 
     1425.0000  -1.438200   0.235858  -1.202342 
     1430.0000  -1.398440   0.215182  -1.183258 
     1435.0000  -1.399471   0.214015  -1.185456 
     1440.0000  -1.468013   0.283268  -1.184744 
     1445.0000  -1.422137   0.227687  -1.194449 
     1450.0000  -1.469389   0.295247  -1.174142 
     1455.0000  -1.441516   0.259682  -1.181834 
     1460.0000  -1.365104   0.199204  -1.165900 
     1465.0000  -1.372150   0.245746  -1.126404 
     1470.0000  -1.419782   0.287254  -1.132528 
     1475.0000  -1.423398   0.287374  -1.136024 
     1480.0000  -1.429552   0.281408  -1.148144 
     1485.0000  -1.381087   0.231332  -1.149755 
     1490.0000  -1.358222   0.244844  -1.113379 
     1495.0000  -1.443630   0.305359  -1.138271 
     1500.0000  -1.371284   0.269211  -1.102074 
     1505.0000  -1.355461   0.240412  -1.115050 
     1510.0000  -1.428104   0.298794  -1.129310 
     1515.0000  -1.411097   0.220662  -1.190436 
     1520.0000  -1.403948   0.227945  -1.176003 
     1525.0000  -1.454623   0.311151  -1.143473 
     1530.0000  -1.428784   0.285915  -1.142869 
     1535.0000  -1.438080   0.293218  -1.144862 
     1540.0000  -1.322165   0.187946  -1.134219 
     1545.0000  -1.401160   0.282532  -1.118628 
     1550.0000  -1.420843   0.307199  -1.113644 
     1555.0000  -1.406125   0.300739  -1.105386 
     1560.0000  -1.413020   0.283287  -1.129733 
     1565.0000  -1.457645   0.296315  -1.161330 
     1570.0000  -1.428244   0.275955  -1.152289 
     1575.0000  -1.406066   0.245153  -1.160912 
     1580.0000  -1.448976   0.280935  -1.168041 
     1585.0000  -1.403253   0.265438  -1.137815 
     1590.0000  -1.427405   0.289448  -1.137958 
     1595.0000  -1.365055   0.281256  -1.083799 
     1600.0000  -1.353154   0.262746  -1.090408 
     1605.0000  -1.418287   0.310073  -1.108214 
     1610.0000  -1.463741   0.325257  -1.138484 
     1615.0000  -1.400505   0.248755  -1.151749 
     1620.0000  -1.411211   0.291741  -1.119470 
     1625.0000  -1.369646   0.271394  -1.098252 
     1630.0000  -1.383536   0.268600  -1.114936 
     1635.0000  -1.392954   0.291982  -1.100972 
     1640.0000  -1.381782   0.266579  -1.115204 
     1645.0000  -1.431725   0.306551  -1.125174 
     1650.0000  -1.397606   0.265029  -1.132577 
     1655.0000  -1.416818   0.280184  -1.136633 
     1660.0000  -1.401700   0.268534  -1.133166 
     1665.0000  -1.411216   0.280154  -1.131062 
     1670.0000  -1.433680   0.293583  -1.140097 
     1675.0000  -1.475410   0.323313  -1.152097 
     1680.0000  -1.447867   0.270120  -1.177747 
     1685.0000  -1.384325   0.221361  -1.162964 
     1690.0000  -1.490699   0.328186  -1.162513 
     1695.0000  -1.422228   0.263446  -1.158782 
     1700.0000  -1.443782   0.285358  -1.158425 
     1705.0000  -1.441138   0.302990  -1.138148 
     1710.0000  -1.380473   0.248559  -1.131914 
     1715.0000  -1.403675   0.237507  -1.166168 
     1720.0000  -1.434853   0.265433  -1.169420 
     1725.0000  -1.427952   0.305578  -1.122374 
     1730.0000  -1.351017   0.256138  -1.094879 
     1735.0000  -1.431241   0.340255  -1.090985 
     1740.0000  -1.370777   0.265187  -1.105590 
     1745.0000  -1.401000   0.292146  -1.108855 
     1750.0000  -1.416076   0.334146  -1.081931 
     1755.0000  -1.374920   0.285264  -1.089656 
     1760.0000  -1.357568   0.270825  -1.086744 
     1765.0000  -1.353338   0.277330  -1.076008 
     1770.0000  -1.413181   0.344735  -1.068447 
     1775.0000  -1.362718   0.258592  -1.104126 
     1780.0000  -1.428215   0.302219  -1.125997 
     1785.0000  -1.403293   0.283314  -1.119979 
     1790.0000  -1.430441   0.337024  -1.093417 
     1795.0000  -1.438387   0.356185  -1.082202 
     1800.0000  -1.420343   0.313306  -1.107037 
     1805.0000  -1.400278   0.261187  -1.139091 
     1810.0000  -1.397015   0.247535  -1.149479 
     1815.0000  -1.364062   0.232410  -1.131652 
     1820.0000  -1.430545   0.278739  -1.151806 
     1825.0000  -1.402198   0.258541  -1.143657 
     1830.0000  -1.415784   0.274546  -1.141238 
     1835.0000  -1.420382   0.270730  -1.149652 
     1840.0000  -1.463945   0.345057  -1.118887 
     1845.0000  -1.370961   0.223344  -1.147616 
     1850.0000  -1.432481   0.270811  -1.161670 
     1855.0000  -1.385283   0.248933  -1.136350 
     1860.0000  -1.403702   0.268309  -1.135393 
     1865.0000  -1.411403   0.280064  -1.131339 
     1870.0000  -1.445081   0.312961  -1.132120 
     1875.0000  -1.403613   0.276193  -1.127420 
     1880.0000  -1.393019   0.297754  -1.095265 
     1885.0000  -1.309665   0.213305  -1.096360 
     1890.0000  -1.418870   0.318279  -1.100591 
     1895.0000  -1.422523   0.309448  -1.113076 
     1900.0000  -1.332306   0.244407  -1.087899 
     1905.0000  -1.371328   0.277893  -1.093435 
     1910.0000  -1.405340   0.321530  -1.083810 
     1915.0000  -1.346301   0.276612  -1.069689 
     1920.0000  -1.284263   0.203935  -1.080328 
     1925.0000  -1.410734   0.289769  -1.120965 
     1930.0000  -1.394087   0.261162  -1.132924 
     1935.0000  -1.438436   0.309855  -1.128581 
     1940.0000  -1.363160   0.248681  -1.114479 
     1945.0000  -1.387539   0.288942  -1.098596 
     1950.0000  -1.396170   0.305243  -1.090927 
     1955.0000  -1.334104   0.268879  -1.065225 
     1960.0000  -1.402958   0.362557  -1.040401 
     1965.0000  -1.419710   0.354556  -1.065154 
     1970.0000  -1.354390   0.275396  -1.078994 
     1975.0000  -1.347736   0.264319  -1.083417 
     1980.0000  -1.439062   0.358731  -1.080331 
     1985.0000  -1.388476   0.261529  -1.126947 
     1990.0000  -1.449554   0.319048  -1.130506 
     1995.0000  -1.370344   0.243672  -1.126672 
     2000.0000  -1.396611   0.265691  -1.130919 
     2005.0000  -1.442675   0.314211  -1.128464 
     2010.0000  -1.431789   0.291730  -1.140059 
     2015.0000  -1.431815   0.289692  -1.142123 
     2020.0000  -1.435256   0.284964  -1.150292 
     2025.0000  -1.368606   0.250028  -1.118578 
     2030.0000  -1.433727   0.317173  -1.116554 
     2035.0000  -1.408590   0.305553  -1.103038 
     2040.0000  -1.408912   0.316431  -1.092481 
     2045.0000  -1.462322   0.326756  -1.135566 
     2050.0000  -1.413286   0.245465  -1.167821 
     2055.0000  -1.451567   0.287747  -1.163819 
     2060.0000  -1.431356   0.256874  -1.174483 
     2065.0000  -1.460346   0.285667  -1.174679 
     2070.0000  -1.436462   0.271755  -1.164707 
     2075.0000  -1.446445   0.281715  -1.164731 
     2080.0000  -1.414903   0.255078  -1.159825 
     2085.0000  -1.437347   0.266684  -1.170663 
     2090.0000  -1.403842   0.252804  -1.151037 
     2095.0000  -1.488750   0.352518  -1.136232 
     2100.0000  -1.409765   0.264653  -1.145111 
     2105.0000  -1.489780   0.331242  -1.158538 
     2110.0000  -1.439109   0.270384  -1.168725 
     2115.0000  -1.408792   0.264269  -1.144523 
     2120.0000  -1.439924   0.294632  -1.145292 
     2125.0000  -1.433340   0.259620  -1.173720 
     2130.0000  -1.477141   0.305671  -1.171470 
     2135.0000  -1.419727   0.223388  -1.196339 
     2140.0000  -1.443383   0.221391  -1.221992 
     2145.0000  -1.480662   0.234627  -1.246034 
     2150.0000  -1.471962   0.230584  -1.241379 
     2155.0000  -1.449536   0.201746  -1.247790 
     2160.0000  -1.437819   0.220377  -1.217442 
     2165.0000  -1.467505   0.252578  -1.214927 
     2170.0000  -1.416694   0.216114  -1.200579 
     2175.0000  -1.415587   0.231526  -1.184061 
     2180.0000  -1.414261   0.243206  -1.171055 
     2185.0000  -1.413297   0.257505  -1.155792 
     2190.0000  -1.434109   0.280626  -1.153483 
     2195.0000  -1.415535   0.267989  -1.147546 
     2200.0000  -1.410996   0.283780  -1.127216 
     2205.0000  -1.361200   0.257288  -1.103912 
     2210.0000  -1.349348   0.255879  -1.093469 
     2215.0000  -1.407336   0.310791  -1.096546 
     2220.0000  -1.406211   0.317896  -1.088315 
     2225.0000  -1.372405   0.304412  -1.067992 
     2230.0000  -1.324287   0.265657  -1.058631 
     2235.0000  -1.382913   0.304516  -1.078397 
     2240.0000  -1.398011   0.313745  -1.084266 
     2245.0000  -1.313401   0.273179  -1.040222 
     2250.0000  -1.287532   0.255396  -1.032136 
     2255.0000  -1.344994   0.297143  -1.047850 
     2260.0000  -1.332549   0.308490  -1.024059 
     2265.0000  -1.295801   0.276978  -1.018822 
     2270.0000  -1.375585   0.344741  -1.030844 
     2275.0000  -1.304085   0.266248  -1.037836 
     2280.0000  -1.326950   0.279346  -1.047604 
     2285.0000  -1.386778   0.346044  -1.040734 
     2290.0000  -1.350682   0.268608  -1.082074 
     2295.0000  -1.375685   0.288707  -1.086978 
     2300.0000  -1.442139   0.331122  -1.111017 
     2305.0000  -1.387257   0.259140  -1.128117 
     2310.0000  -1.382140   0.255670  -1.126469 
     2315.0000  -1.385424   0.247146  -1.138278 
     2320.0000  -1.419586   0.281054  -1.138531 
     2325.0000  -1.447219   0.284661  -1.162557 
     2330.0000  -1.383400   0.244244  -1.139156 
     2335.0000  -1.438028   0.296305  -1.141723 
     2340.0000  -1.396699   0.261067  -1.135632 
     2345.0000  -1.422886   0.262074  -1.160812 
     2350.0000  -1.432345   0.269300  -1.163045 
     2355.0000  -1.396874   0.230932  -1.165942 
     2360.0000  -1.384036   0.185338  -1.198699 
     2365.0000  -1.418349   0.261610  -1.156739 
     2370.0000  -1.399984   0.260476  -1.139508 
     2375.0000  -1.392183   0.264097  -1.128086 
     2380.0000  -1.441217   0.309912  -1.131306 
     2385.0000  -1.422014   0.279020  -1.142994 
     2390.0000  -1.433030   0.244645  -1.188385 
     2395.0000  -1.373386   0.207406  -1.165980 
     2400.0000  -1.464830   0.299679  -1.165151 
     2405.0000  -1.364912   0.235222  -1.129690 
     2410.0000  -1.408194   0.292942  -1.115251 
     2415.0000  -1.442298   0.310995  -1.131303 
     2420.0000  -1.443292   0.310348  -1.132944 
     2425.0000  -1.383231   0.298235  -1.084996 
     2430.0000  -1.365102   0.277471  -1.087631 
     2435.0000  -1.417561   0.312925  -1.104636 
     2440.0000  -1.369156   0.270364  -1.098792 
     2445.0000  -1.420449   0.324476  -1.095973 
     2450.0000  -1.389955   0.294841  -1.095115 
     2455.0000  -1.345205   0.261060  -1.084145 
     2460.0000  -1.400922   0.307814  -1.093109 
     2465.0000  -1.444966   0.365564  -1.079402 
     2470.0000  -1.415918   0.307589  -1.108329 
     2475.0000  -1.396343   0.295725  -1.100617 
     2480.0000  -1.363649   0.275067  -1.088583 
     2485.0000  -1.413499   0.350237  -1.063262 
     2490.0000  -1.368238   0.301206  -1.067032 
     2495.0000  -1.385418   0.269357  -1.116062 
     2500.0000  -1.379972   0.273464  -1.106507 
     2505.0000  -1.414584   0.359612  -1.054973 
     2510.0000  -1.342114   0.299719  -1.042395 
     2515.0000  -1.406093   0.364073  -1.042020 
     2520.0000  -1.340037   0.281130  -1.058906 
     2525.0000  -1.398144   0.316007  -1.082136 
     2530.0000  -1.432147   0.342204  -1.089943 
     2535.0000  -1.404102   0.334054  -1.070049 
     2540.0000  -1.371047   0.298240  -1.072806 
     2545.0000  -1.371630   0.286853  -1.084778 
     2550.0000  -1.386727   0.299000  -1.087727 
     2555.0000  -1.376263   0.269841  -1.106422 
     2560.0000  -1.434548   0.342200  -1.092348 
     2565.0000  -1.391729   0.317533  -1.074196 
     2570.0000  -1.390671   0.356351  -1.034321 
     2575.0000  -1.392139   0.344027  -1.048112 
     2580.0000  -1.349345   0.304768  -1.044577 
     2585.0000  -1.363735   0.355447  -1.008289 
     2590.0000  -1.339240   0.346213  -0.993028 
     2595.0000  -1.330745   0.333849  -0.996896 
     2600.0000  -1.361935   0.373559  -0.988376 
     2605.0000  -1.293452   0.296754  -0.996698 
     2610.0000  -1.270968   0.300256  -0.970712 
     2615.0000  -1.269061   0.321767  -0.947294 
     2620.0000  -1.309834   0.363411  -0.946423 
     2625.0000  -1.295507   0.390660  -0.904847 
     2630.0000  -1.218453   0.301024  -0.917429 
     2635.0000  -1.287417   0.387851  -0.899566 
     2640.0000  -1.260850   0.379592  -0.881258 
     2645.0000  -1.252324   0.349474  -0.902849 
     2650.0000  -1.206546   0.331852  -0.874694 
     2655.0000  -1.325141   0.449308  -0.875832 
     2660.0000  -1.267821   0.354859  -0.912962 
     2665.0000  -1.319973   0.418919  -0.901054 
     2670.0000  -1.344448   0.450475  -0.893973 
     2675.0000  -1.281568   0.385861  -0.895707 
     2680.0000  -1.213660   0.318760  -0.894900 
     2685.0000  -1.208575   0.341422  -0.867153 
     2690.0000  -1.318769   0.413733  -0.905035 
     2695.0000  -1.284746   0.353586  -0.931160 
     2700.0000  -1.344391   0.412692  -0.931699 
     2705.0000  -1.326042   0.369014  -0.957028 
     2710.0000  -1.313189   0.332337  -0.980852 
     2715.0000  -1.305802   0.325299  -0.980503 
     2720.0000  -1.300071   0.329587  -0.970484 
     2725.0000  -1.313830   0.337714  -0.976117 
     2730.0000  -1.291331   0.330961  -0.960370 
     2735.0000  -1.259644   0.274316  -0.985328 
     2740.0000  -1.318756   0.335328  -0.983427 
     2745.0000  -1.329990   0.366321  -0.963669 
     2750.0000  -1.256741   0.297459  -0.959282 
     2755.0000  -1.290417   0.313631  -0.976786 
     2760.0000  -1.344067   0.358946  -0.985120 
     2765.0000  -1.349226   0.362370  -0.986856 
     2770.0000  -1.361227   0.358892  -1.002335 
     2775.0000  -1.411103   0.404491  -1.006612 
     2780.0000  -1.317753   0.311518  -1.006235 
     2785.0000  -1.339289   0.332732  -1.006556 
     2790.0000  -1.360213   0.375284  -0.984928 
     2795.0000  -1.342180   0.365415  -0.976765 
     2800.0000  -1.369576   0.359302  -1.010274 
     2805.0000  -1.314390   0.294749  -1.019641 
     2810.0000  -1.297782   0.317436  -0.980345 
     2815.0000  -1.356989   0.330440  -1.026549 
     2820.0000  -1.266870   0.295721  -0.971149 
     2825.0000  -1.172703   0.218869  -0.953835 
     2830.0000  -1.245007   0.299091  -0.945916 
     2835.0000  -1.224848   0.275789  -0.949059 
     2840.0000  -1.350541   0.377952  -0.972589 
     2845.0000  -1.275973   0.229022  -1.046951 
     2850.0000  -1.351302   0.301747  -1.049555 
     2855.0000  -1.265639   0.266541  -0.999098 
     2860.0000  -1.267572   0.275668  -0.991903 
     2865.0000  -1.261583   0.269447  -0.992136 
     2870.0000  -1.277721   0.295041  -0.982680 
     2875.0000  -1.300913   0.311942  -0.988971 
     2880.0000  -1.308478   0.309212  -0.999266 
     2885.0000  -1.337091   0.349458  -0.987633 
     2890.0000  -1.303319   0.313376  -0.989942 
     2895.0000  -1.235679   0.252205  -0.983474 
     2900.0000  -1.281506   0.347360  -0.934146 
     2905.0000  -1.352799   0.374833  -0.977967 
     2910.0000  -1.287033   0.322528  -0.964505 
     2915.0000  -1.303128   0.293765  -1.009363 
     2920.0000  -1.279852   0.260619  -1.019233 
     2925.0000  -1.360390   0.277597  -1.082793 
     2930.0000  -1.308143   0.239104  -1.069039 
     2935.0000  -1.345625   0.261226  -1.084399 
     2940.0000  -1.282064   0.231759  -1.050305 
     2945.0000  -1.345009   0.292383  -1.052626 
     2950.0000  -1.338518   0.277130  -1.061388 
     2955.0000  -1.324893   0.268012  -1.056881 
     2960.0000  -1.301231   0.259147  -1.042084 
     2965.0000  -1.306642   0.266588  -1.040054 
     2970.0000  -1.316787   0.275893  -1.040894 
     2975.0000  -1.276406   0.237005  -1.039401 
     2980.0000  -1.353423   0.302487  -1.050936 
     2985.0000  -1.353137   0.299401  -1.053736 
     2990.0000  -1.345965   0.285571  -1.060394 
     2995.0000  -1.272818   0.216639  -1.056179 
     3000.0000  -1.290937   0.283523  -1.007414 
     3005.0000  -1.235009   0.259825  -0.975184 
     3010.0000  -1.265419   0.302158  -0.963262 
     3015.0000  -1.208842   0.238883  -0.969959 
     3020.0000  -1.276429   0.328475  -0.947954 
     3025.0000  -1.229786   0.273863  -0.955924 
     3030.0000  -1.284412   0.337855  -0.946556 
     3035.0000  -1.220742   0.266530  -0.954212 
     3040.0000  -1.241786   0.306535  -0.935251 
     3045.0000  -1.236769   0.295473  -0.941296 
     3050.0000  -1.176194   0.235571  -0.940623 
     3055.0000  -1.225707   0.289391  -0.936317 
     3060.0000  -1.257616   0.321935  -0.935681 
     3065.0000  -1.222139   0.288937  -0.933202 
     3070.0000  -1.249343   0.306743  -0.942601 
     3075.0000  -1.228497   0.296857  -0.931640 
     3080.0000  -1.237359   0.329374  -0.907985 
     3085.0000  -1.228293   0.295204  -0.933089 
     3090.0000  -1.313749   0.399418  -0.914331 
     3095.0000  -1.223012   0.287366  -0.935645 
     3100.0000  -1.211732   0.272881  -0.938851 
     3105.0000  -1.279779   0.350917  -0.928862 
     3110.0000  -1.245432   0.315733  -0.929699 
     3115.0000  -1.221955   0.283209  -0.938746 
     3120.0000  -1.211662   0.285524  -0.926138 
     3125.0000  -1.208828   0.319565  -0.889264 
     3130.0000  -1.218417   0.334549  -0.883868 
     3135.0000  -1.133963   0.235910  -0.898053 
     3140.0000  -1.209839   0.314741  -0.895098 
     3145.0000  -1.181369   0.299012  -0.882357 
     3150.0000  -1.155415   0.274018  -0.881397 
     3155.0000  -1.192755   0.320245  -0.872510 
     3160.0000  -1.194712   0.326179  -0.868532 
     3165.0000  -1.284017   0.363088  -0.920929 
     3170.0000  -1.239343   0.310862  -0.928481 
     3175.0000  -1.318801   0.388987  -0.929814 
     3180.0000  -1.284259   0.308728  -0.975531 
     3185.0000  -1.258609   0.279523  -0.979086 
     3190.0000  -1.285390   0.301128  -0.984263 
     3195.0000  -1.289931   0.296520  -0.993411 
     3200.0000  -1.231722   0.257055  -0.974667 
     3205.0000  -1.254183   0.287944  -0.966239 
     3210.0000  -1.341193   0.392572  -0.948620 
     3215.0000  -1.194081   0.250482  -0.943598 
     3220.0000  -1.288213   0.334098  -0.954115 
     3225.0000  -1.250087   0.284494  -0.965593 
     3230.0000  -1.278774   0.314531  -0.964243 
     3235.0000  -1.300658   0.352558  -0.948100 
     3240.0000  -1.394347   0.441014  -0.953332 
     3245.0000  -1.226962   0.235419  -0.991543 
     3250.0000  -1.325906   0.330926  -0.994981 
     3255.0000  -1.276215   0.293553  -0.982662 
     3260.0000  -1.274804   0.247028  -1.027776 
     3265.0000  -1.313428   0.278981  -1.034447 
     3270.0000  -1.268938   0.251955  -1.016982 
     3275.0000  -1.293513   0.288504  -1.005009 
     3280.0000  -1.294002   0.293661  -1.000341 
     3285.0000  -1.280995   0.303386  -0.977609 
     3290.0000  -1.243323   0.259181  -0.984142 
     3295.0000  -1.278161   0.291622  -0.986538 
     3300.0000  -1.324916   0.368653  -0.956263 
     3305.0000  -1.248520   0.301365  -0.947155 
     3310.0000  -1.262007   0.324123  -0.937884 
     3315.0000  -1.261031   0.317745  -0.943287 
     3320.0000  -1.311321   0.366034  -0.945288 
     3325.0000  -1.242880   0.299898  -0.942982 
     3330.0000  -1.204771   0.309926  -0.894845 
     3335.0000  -1.252958   0.373199  -0.879759 
     3340.0000  -1.246091   0.371256  -0.874835 
     3345.0000  -1.204168   0.349338  -0.854830 
     3350.0000  -1.189806   0.340630  -0.849176 
     3355.0000  -1.220977   0.361537  -0.859440 
     3360.0000  -1.225718   0.378537  -0.847181 
     3365.0000  -1.163905   0.303425  -0.860480 
     3370.0000  -1.168297   0.356609  -0.811688 
     3375.0000  -1.205214   0.426569  -0.778646 
     3380.0000  -1.038428   0.264506  -0.773923 
     3385.0000  -1.178535   0.365742  -0.812793 
     3390.0000  -1.152795   0.320549  -0.832246 
     3395.0000  -1.174318   0.340513  -0.833804 
     3400.0000  -1.100170   0.296275  -0.803895 
     3405.0000  -1.148242   0.343712  -0.804531 
     3410.0000  -1.170100   0.362555  -0.807545 
     3415.0000  -1.156919   0.354563  -0.802356 
     3420.0000  -1.085972   0.291982  -0.793990 
     3425.0000  -1.134291   0.310624  -0.823667 
     3430.0000  -1.131008   0.292360  -0.838648 
     3435.0000  -1.149030   0.312694  -0.836336 
     3440.0000  -1.121620   0.302852  -0.818768 
     3445.0000  -1.118596   0.293922  -0.824674 
     3450.0000  -1.184455   0.359160  -0.825295 
     3455.0000  -1.219973   0.382098  -0.837876 
     3460.0000  -1.168102   0.288022  -0.880080 
     3465.0000  -1.177404   0.272859  -0.904544 
     3470.0000  -1.197198   0.282609  -0.914588 
     3475.0000  -1.166944   0.269896  -0.897048 
     3480.0000  -1.202191   0.336652  -0.865539 
     3485.0000  -1.253447   0.357651  -0.895796 
     3490.0000  -1.168730   0.275879  -0.892851 
     3495.0000  -1.244813   0.356155  -0.888658 
     3500.0000  -1.224774   0.315173  -0.909601 
     3505.0000  -1.224719   0.333374  -0.891345 
     3510.0000  -1.178776   0.267796  -0.910980 
     3515.0000  -1.202318   0.239683  -0.962635 
     3520.0000  -1.234226   0.287297  -0.946929 
     3525.0000  -1.253366   0.269781  -0.983586 
     3530.0000  -1.234094   0.250260  -0.983834 
     3535.0000  -1.225939   0.283583  -0.942355 
     3540.0000  -1.192384   0.238290  -0.954094 
     3545.0000  -1.215295   0.271604  -0.943691 
     3550.0000  -1.160654   0.214584  -0.946070 
     3555.0000  -1.180974   0.236482  -0.944492 
     3560.0000  -1.197965   0.283434  -0.914530 
     3565.0000  -1.205463   0.296675  -0.908788 
     3570.0000  -1.167331   0.238270  -0.929060 
     3575.0000  -1.158362   0.212446  -0.945916 
     3580.0000  -1.250132   0.316343  -0.933789 
     3585.0000  -1.250023   0.280270  -0.969752 
     3590.0000  -1.198056   0.219080  -0.978977 
     3595.0000  -1.234238   0.257811  -0.976426 
     3600.0000  -1.201320   0.237072  -0.964248 
     3605.0000  -1.242940   0.265907  -0.977033 
     3610.0000  -1.233591   0.265182  -0.968408 
     3615.0000  -1.221757   0.270699  -0.951058 
     3620.0000  -1.221025   0.255877  -0.965147 
     3625.0000  -1.277623   0.309262  -0.968361 
     3630.0000  -1.229899   0.279471  -0.950428 
     3635.0000  -1.212128   0.284098  -0.928030 
     3640.0000  -1.178231   0.279185  -0.899047 
     3645.0000  -1.148445   0.275433  -0.873011 
     3650.0000  -1.179737   0.273873  -0.905864 
     3655.0000  -1.131283   0.231244  -0.900039 
     3660.0000  -1.230506   0.316865  -0.913641 
     3665.0000  -1.205649   0.312261  -0.893388 
     3670.0000  -1.123900   0.212348  -0.911552 
     3675.0000  -1.189059   0.282978  -0.906081 
     3680.0000  -1.197205   0.287024  -0.910181 
     3685.0000  -1.166872   0.260013  -0.906859 
     3690.0000  -1.227614   0.291444  -0.936169 
     3695.0000  -1.235866   0.291999  -0.943868 
     3700.0000  -1.247618   0.319870  -0.927749 
     3705.0000  -1.247569   0.326380  -0.921189 
     3710.0000  -1.222717   0.287755  -0.934962 
     3715.0000  -1.311544   0.374210  -0.937334 
     3720.0000  -1.257232   0.323268  -0.933964 
     3725.0000  -1.244175   0.273939  -0.970237 
     3730.0000  -1.278039   0.320195  -0.957843 
     3735.0000  -1.277700   0.350085  -0.927615 
     3740.0000  -1.261078   0.323372  -0.937706 
     3745.0000  -1.249100   0.318483  -0.930617 
     3750.0000  -1.238661   0.311785  -0.926876 
     3755.0000  -1.239249   0.317619  -0.921630 
     3760.0000  -1.267665   0.329490  -0.938176 
     3765.0000  -1.239516   0.319286  -0.920230 
     3770.0000  -1.283737   0.370976  -0.912761 
     3775.0000  -1.303292   0.387363  -0.915929 
     3780.0000  -1.265781   0.351654  -0.914128 
     3785.0000  -1.265230   0.334276  -0.930954 
     3790.0000  -1.310121   0.370878  -0.939243 
     3795.0000  -1.203216   0.263804  -0.939412 
     3800.0000  -1.219652   0.293437  -0.926215 
     3805.0000  -1.237914   0.296474  -0.941439 
     3810.0000  -1.344268   0.396028  -0.948240 
     3815.0000  -1.328621   0.368097  -0.960525 
     3820.0000  -1.258777   0.301150  -0.957627 
     3825.0000  -1.245231   0.322058  -0.923173 
     3830.0000  -1.320020   0.368078  -0.951942 
     3835.0000  -1.276293   0.281714  -0.994579 
     3840.0000  -1.401618   0.388117  -1.013501 
     3845.0000  -1.322752   0.342042  -0.980710 
     3850.0000  -1.396327   0.366839  -1.029488 
     3855.0000  -1.338232   0.287654  -1.050578 
     3860.0000  -1.338136   0.284531  -1.053605 
     3865.0000  -1.288439   0.219064  -1.069375 
     3870.0000  -1.332828   0.266238  -1.066589 
     3875.0000  -1.326306   0.280050  -1.046255 
     3880.0000  -1.354550   0.297259  -1.057291 
     3885.0000  -1.340741   0.280355  -1.060387 
     3890.0000  -1.335783   0.301518  -1.034266 
     3895.0000  -1.305280   0.274255  -1.031025 
     3900.0000  -1.333765   0.299954  -1.033811 
     3905.0000  -1.330948   0.263014  -1.067934 
     3910.0000  -1.332432   0.253196  -1.079235 
     3915.0000  -1.324617   0.238440  -1.086177 
     3920.0000  -1.371643   0.318829  -1.052814 
     3925.0000  -1.318904   0.237299  -1.081605 
     3930.0000  -1.326350   0.286050  -1.040300 
     3935.0000  -1.298486   0.284244  -1.014242 
     3940.0000  -1.267265   0.268427  -0.998838 
     3945.0000  -1.311735   0.288641  -1.023094 
     3950.0000  -1.299649   0.280538  -1.019112 
     3955.0000  -1.275412   0.284255  -0.991157 
     3960.0000  -1.340420   0.327100  -1.013320 
     3965.0000  -1.315311   0.260802  -1.054509 
     3970.0000  -1.299208   0.267138  -1.032071 
     3975.0000  -1.266224   0.254975  -1.011249 
     3980.0000  -1.315455   0.293978  -1.021476 
     3985.0000  -1.324953   0.307611  -1.017342 
     3990.0000  -1.281733   0.256298  -1.025435 
     3995.0000  -1.321580   0.307545  -1.014035 
     4000.0000  -1.304780   0.328771  -0.976009 
     4005.0000  -1.291695   0.307986  -0.983709 
     4010.0000  -1.273000   0.285804  -0.987196 
     4015.0000  -1.336462   0.288296  -1.048167 
     4020.0000  -1.326844   0.260144  -1.066701 
     4025.0000  -1.276325   0.232413  -1.043912 
     4030.0000  -1.348562   0.300975  -1.047588 
     4035.0000  -1.343225   0.292539  -1.050685 
     4040.0000  -1.316929   0.261309  -1.055620 
     4045.0000  -1.329116   0.261705  -1.067411 
     4050.0000  -1.343288   0.292959  -1.050329 
     4055.0000  -1.315088   0.307751  -1.007337 
     4060.0000  -1.366780   0.355265  -1.011515 
     4065.0000  -1.375625   0.352062  -1.023563 
     4070.0000  -1.329868   0.330995  -0.998874 
     4075.0000  -1.368309   0.380231  -0.988079 
     4080.0000  -1.367092   0.369015  -0.998077 
     4085.0000  -1.357372   0.327198  -1.030174 
     4090.0000  -1.339911   0.261566  -1.078345 
     4095.0000  -1.444173   0.339030  -1.105143 
     4100.0000  -1.404446   0.304444  -1.100002 
     4105.0000  -1.376003   0.278790  -1.097213 
     4110.0000  -1.444588   0.348688  -1.095900 
     4115.0000  -1.364192   0.280669  -1.083523 
     4120.0000  -1.403461   0.283935  -1.119527 
     4125.0000  -1.436075   0.320204  -1.115870 
     4130.0000  -1.365072   0.248947  -1.116125 
     4135.0000  -1.399245   0.322648  -1.076597 
     4140.0000  -1.367620   0.283168  -1.084451 
     4145.0000  -1.336417   0.262976  -1.073441 
     4150.0000  -1.347640   0.313006  -1.034634 
     4155.0000  -1.311253   0.281648  -1.029605 
     4160.0000  -1.349532   0.339094  -1.010438 
     4165.0000  -1.360756   0.356668  -1.004087 
     4170.0000  -1.414449   0.428082  -0.986367 
     4175.0000  -1.287419   0.324788  -0.962632 
     4180.0000  -1.278985   0.333000  -0.945985 
     4185.0000  -1.321635   0.364835  -0.956800 
     4190.0000  -1.272128   0.318777  -0.953351 
     4195.0000  -1.301854   0.329584  -0.972271 
     4200.0000  -1.327092   0.295497  -1.031595 
     4205.0000  -1.293574   0.274094  -1.019480 
     4210.0000  -1.321271   0.307916  -1.013356 
     4215.0000  -1.320693   0.315113  -1.005580 
     4220.0000  -1.387670   0.349426  -1.038244 
     4225.0000  -1.350888   0.303915  -1.046973 
     4230.0000  -1.404318   0.366015  -1.038303 
     4235.0000  -1.399089   0.363670  -1.035419 
     4240.0000  -1.370028   0.337364  -1.032664 
     4245.0000  -1.330738   0.326164  -1.004573 
     4250.0000  -1.336381   0.304629  -1.031751 
     4255.0000  -1.376472   0.323905  -1.052567 
     4260.0000  -1.372687   0.334141  -1.038546 
     4265.0000  -1.435078   0.401887  -1.033191 
     4270.0000  -1.407175   0.322299  -1.084877 
     4275.0000  -1.407034   0.278438  -1.128596 
     4280.0000  -1.406879   0.277450  -1.129429 
     4285.0000  -1.421627   0.275847  -1.145779 
     4290.0000  -1.410705   0.275294  -1.135411 
     4295.0000  -1.454535   0.306727  -1.147809 
     4300.0000  -1.412836   0.253392  -1.159444 
     4305.0000  -1.422992   0.285750  -1.137241 
     4310.0000  -1.432259   0.288075  -1.144184 
     4315.0000  -1.395223   0.246809  -1.148413 
     4320.0000  -1.389924   0.242480  -1.147444 
     4325.0000  -1.398652   0.259927  -1.138725 
     4330.0000  -1.375537   0.281651  -1.093885 
     4335.0000  -1.406722   0.312950  -1.093772 
     4340.0000  -1.356742   0.234410  -1.122332 
     4345.0000  -1.406384   0.279359  -1.127025 
     4350.0000  -1.419747   0.305668  -1.114079 
     4355.0000  -1.380797   0.298447  -1.082350 
     4360.0000  -1.416780   0.307614  -1.109166 
     4365.0000  -1.446482   0.335247  -1.111235 
     4370.0000  -1.437259   0.299499  -1.137759 
     4375.0000  -1.469275   0.298416  -1.170860 
     4380.0000  -1.400823   0.244459  -1.156364 
     4385.0000  -1.405494   0.285585  -1.119910 
     4390.0000  -1.350812   0.254014  -1.096798 
     4395.0000  -1.413373   0.293217  -1.120155 
     4400.0000  -1.380317   0.297218  -1.083099 
     4405.0000  -1.396247   0.294735  -1.101512 
     4410.0000  -1.419105   0.305895  -1.113210 
     4415.0000  -1.358549   0.285749  -1.072800 
     4420.0000  -1.359734   0.290550  -1.069184 
     4425.0000  -1.349784   0.254776  -1.095008 
     4430.0000  -1.358458   0.258348  -1.100111 
     4435.0000  -1.391664   0.275472  -1.116193 
     4440.0000  -1.400337   0.295240  -1.105097 
     4445.0000  -1.367254   0.268953  -1.098301 
     4450.0000  -1.413611   0.280664  -1.132947 
     4455.0000  -1.402525   0.258954  -1.143571 
     4460.0000  -1.410613   0.271808  -1.138805 
     4465.0000  -1.369598   0.272094  -1.097504 
     4470.0000  -1.431933   0.315753  -1.116181 
     4475.0000  -1.374453   0.254090  -1.120364 
     4480.0000  -1.448059   0.282544  -1.165515 
     4485.0000  -1.448411   0.278757  -1.169653 
     4490.0000  -1.460410   0.302631  -1.157780 
     4495.0000  -1.433261   0.307498  -1.125764 
     4500.0000  -1.448284   0.308484  -1.139800 
     4505.0000  -1.453326   0.302160  -1.151166 
     4510.0000  -1.461218   0.275149  -1.186069 
     4515.0000  -1.473689   0.284580  -1.189108 
     4520.0000  -1.444884   0.250526  -1.194357 
     4525.0000  -1.415133   0.199832  -1.215301 
     4530.0000  -1.467504   0.252632  -1.214872 
     4535.0000  -1.425513   0.205855  -1.219659 
     4540.0000  -1.429938   0.244931  -1.185007 
     4545.0000  -1.439890   0.251862  -1.188029 
     4550.0000  -1.447513   0.248492  -1.199021 
     4555.0000  -1.475252   0.276538  -1.198714 
     4560.0000  -1.471691   0.280038  -1.191653 
     4565.0000  -1.486764   0.289915  -1.196849 
     4570.0000  -1.480865   0.278698  -1.202166 
     4575.0000  -1.419148   0.211538  -1.207610 
     4580.0000  -1.394012   0.197100  -1.196912 
     4585.0000  -1.432073   0.245776  -1.186297 
     4590.0000  -1.453153   0.252717  -1.200437 
     4595.0000  -1.460677   0.276047  -1.184630 
     4600.0000  -1.442633   0.265004  -1.177629 
     4605.0000  -1.504629   0.330078  -1.174551 
     4610.0000  -1.401373   0.242115  -1.159257 
     4615.0000  -1.456419   0.287497  -1.168923 
     4620.0000  -1.415720   0.252118  -1.163603 
     4625.0000  -1.405360   0.234865  -1.170494 
     4630.0000  -1.427700   0.224875  -1.202825 
     4635.0000  -1.445264   0.234090  -1.211174 
     4640.0000  -1.449852   0.257266  -1.192586 
     4645.0000  -1.439150   0.291613  -1.147537 
     4650.0000  -1.410032   0.242599  -1.167434 
     4655.0000  -1.488743   0.325720  -1.163023 
     4660.0000  -1.428097   0.261518  -1.166579 
     4665.0000  -1.443973   0.279383  -1.164590 
     4670.0000  -1.313227   0.204536  -1.108691 
     4675.0000  -1.368883   0.254715  -1.114168 
     4680.0000  -1.447759   0.335967  -1.111792 
     4685.0000  -1.405139   0.260788  -1.144351 
     4690.0000  -1.327023   0.179227  -1.147796 
     4695.0000  -1.395806   0.236943  -1.158863 
     4700.0000  -1.475790   0.305386  -1.170404 
     4705.0000  -1.416720   0.257006  -1.159714 
     4710.0000  -1.398835   0.261394  -1.137442 
     4715.0000  -1.454010   0.333603  -1.120408 
     4720.0000  -1.404271   0.276778  -1.127492 
     4725.0000  -1.388182   0.270625  -1.117557 
     4730.0000  -1.382875   0.272803  -1.110072 
     4735.0000  -1.416131   0.325346  -1.090785 
     4740.0000  -1.426293   0.336873  -1.089420 
     4745.0000  -1.365566   0.244336  -1.121230 
     4750.0000  -1.422360   0.340103  -1.082256 
     4755.0000  -1.361789   0.235348  -1.126441 
     4760.0000  -1.404901   0.282151  -1.122750 
     4765.0000  -1.378008   0.239056  -1.138952 
     4770.0000  -1.398078   0.270772  -1.127306 
     4775.0000  -1.304247   0.214037  -1.090210 
     4780.0000  -1.384674   0.290516  -1.094159 
     4785.0000  -1.330909   0.236530  -1.094378 
     4790.0000  -1.392501   0.287249  -1.105252 
     4795.0000  -1.448116   0.339492  -1.108624 
     4800.0000  -1.442538   0.304917  -1.137622 
     4805.0000  -1.418465   0.244664  -1.173802 
     4810.0000  -1.435187   0.302819  -1.132368 
     4815.0000  -1.440935   0.298430  -1.142505 
     4820.0000  -1.433255   0.276333  -1.156922 
     4825.0000  -1.387191   0.244090  -1.143101 
     4830.0000  -1.448112   0.304824  -1.143288 
     4835.0000  -1.443196   0.291334  -1.151862 
     4840.0000  -1.414755   0.262042  -1.152713 
     4845.0000  -1.446056   0.290536  -1.155520 
     4850.0000  -1.381775   0.233879  -1.147896 
     4855.0000  -1.434071   0.283780  -1.150292 
     4860.0000  -1.381511   0.227709  -1.153801 
     4865.0000  -1.367150   0.200239  -1.166911 
     4870.0000  -1.375001   0.220704  -1.154297 
     4875.0000  -1.416080   0.270727  -1.145353 
     4880.0000  -1.398522   0.268853  -1.129669 
     4885.0000  -1.413047   0.300866  -1.112181 
     4890.0000  -1.429279   0.313174  -1.116105 
     4895.0000  -1.387074   0.276364  -1.110710 
     4900.0000  -1.427480   0.319412  -1.108068 
     4905.0000  -1.368636   0.291673  -1.076964 
     4910.0000  -1.364587   0.317522  -1.047066 
     4915.0000  -1.408487   0.362966  -1.045521 
     4920.0000  -1.408741   0.357510  -1.051231 
     4925.0000  -1.311348   0.277109  -1.034239 
     4930.0000  -1.284171   0.275373  -1.008798 
     4935.0000  -1.309160   0.324100  -0.985060 
     4940.0000  -1.325522   0.346726  -0.978796 
     4945.0000  -1.342082   0.368199  -0.973883 
     4950.0000  -1.363833   0.394939  -0.968893 
     4955.0000  -1.312914   0.324504  -0.988410 
     4960.0000  -1.321783   0.321704  -1.000079 
     4965.0000  -1.372534   0.359855  -1.012679 
     4970.0000  -1.374570   0.369070  -1.005500 
     4975.0000  -1.360425   0.284049  -1.076377 
     4980.0000  -1.409399   0.331894  -1.077505 
     4985.0000  -1.359171   0.298422  -1.060749 
     4990.0000  -1.355279   0.317403  -1.037877 
     4995.0000  -1.337761   0.280277  -1.057484 
     5000.0000  -1.326329   0.264472  -1.061857 
