t = 100000
b = 20 20 20
E = -1.09256408905361 -1.35615090592513 0.263586816871525
-15.064472951999 43.6939504168511 4.50545326896661 -0.294047058308754 0.473863075156691 0.83005428346766 -0.0771627272075153 -0.877382117895299 0.473546758755098 -0.48718835484059 0.138471721611966 -0.356733429270141 -0.0672833191756299 -0.0329943430152303 -0.108747580870038
-14.8594253002852 43.3785143739378 4.99379326575629 -0.810322933763279 0.453439362485846 0.371173123441924 -0.16971516060942 -0.787875602143403 0.591987161859487 0.0785173006163564 -0.489745495203253 -0.375767891161759 -0.184844532428368 0.0502762121276441 0.30944768053409
-14.9122795655792 43.1434505459056 5.5500546534704 -0.943821047525519 0.116039364264897 -0.309413471246447 -0.314457058886977 -0.603193384318562 0.732990108548875 -0.00900387609870609 0.342898540917922 -0.432603961637045 -0.42281709482853 0.276291185841252 -0.039904848749293
-15.2539278654498 43.0986912381636 5.97968074456219 -0.694713694058153 -0.231022053733477 -0.681176698057762 -0.491097423900499 -0.539591203232674 0.683860112619704 0.14233964940095 -0.0588716145591595 0.464038995647524 0.150207585648583 -0.20414826333723 -0.15456880741012
-15.7735701483949 43.0036137619491 6.24057783503003 -0.270643548331573 -0.605434039823691 -0.748466227140048 -0.562511144525636 -0.531489719547766 0.63332447473589 0.560534793940396 0.1155967251298 -0.606865747996496 0.20212993410953 -0.30821409653469 0.0385840289483952
-16.2740209943988 42.8468774174318 6.38132222256123 0.294218584953783 -0.799687559604023 -0.523388222338245 -0.754405860977526 -0.530536671565182 0.386526373029508 -0.409836433190593 0.3398524333671 0.186997117573918 0.0327115155464443 0.309772476261288 -0.0215497778439977
-16.7319860018025 42.5604028557771 6.31629119366109 0.687569322014376 -0.698963806235991 -0.196718135912175 -0.683819840926521 -0.714416466446634 0.148322411068438 -0.152408823086029 -0.470173453476515 0.0960809239290853 -0.386155697491868 0.472856413442966 -0.351542542543575
-16.9402566400713 42.2170900840924 6.01802924957343 0.609317469873769 -0.579836513530702 0.540852880627639 -0.737203291909912 -0.665443638334641 0.117115629175411 -0.0578542116536291 0.451032455636378 -0.481595160258048 0.23815431974217 0.35165257129255 -0.100461434770472
-16.1522940024058 41.4694006492902 6.53935929885968 -0.674340124071959 0.606196959597047 -0.421652277643418 0.724968197988627 0.435005005192803 -0.534033479626826 0.387501625209279 0.0242546086591926 0.580042759059637 -0.042741942774543 -0.0392761669787163 -0.0702512830341403
-15.9511531837109 41.65310980471 6.06690711830903 -0.648251491011909 0.750770283385749 0.126940875945145 0.599595906196173 0.606087094486155 -0.522631020099318 0.0311476387854917 0.0115639770745241 -0.468510631915355 -0.482632704592958 -0.164309406507675 -0.0753088291970597
-16.0274187403009 41.9038442615938 5.65126038530385 -0.0970272596409813 0.789243526768308 0.606366528051217 0.441715824798905 0.580100978889059 -0.684375616466741 -0.16844416914201 -0.239589615835661 -0.120450623540585 0.559400841285597 -0.231573085178326 -0.254352491180462
-15.8824344774933 42.3252792677275 5.32535728563123 -0.0970084881680055 0.575228060615209 0.812220432828586 0.386372134291591 0.773833369885567 -0.501894898852885 0.200877553686402 -0.0927782759004157 -0.281416636702904 -0.232344032718155 0.00887476584602835 -0.172607872185783
-15.993026976632 42.8507201017501 5.11006979556203 0.588075672148493 0.218100522271487 0.778844763744347 0.285446672644209 0.845025894769419 -0.452163061566809 0.330014535309286 -0.00144308667184363 0.381155974275246 -0.111056149061227 -0.714419284443898 -0.0686706673905035
-16.0445703624622 43.4198063676926 5.21687326884916 0.887552602269323 -0.221203472638692 0.404127952383294 0.386996088484532 0.833912370165526 -0.39347704683069 0.465781754631759 0.616519491600384 -0.310572949928209 0.0102568810019202 -0.24376974850682 0.152924102865785
-15.8651443375136 43.8858378157064 5.34913235613855 0.838244143227565 -0.441226094894723 -0.320415807239054 0.431640120304102 0.895965145177916 -0.104562254997319 -0.0570042403242837 0.209337402034409 0.0105411275406458 0.338529805828247 -0.189611403791726 -0.243016240284646
-15.5025035438467 44.3196201313008 5.48306992790246 0.357131945071824 -0.48809336181814 -0.796380338756737 0.456199430530478 0.835144441353245 -0.307271608939799 0.427979785357971 -0.120466765166394 0.0620804355518678 -0.430917012687502 0.172627293964539 0.199855164688593
t = 200000
b = 20 20 20
E = -1.16383560903785 -1.42725011769949 0.263414508661636
-20.6630773358582 41.715881199954 6.55362895324725 0.012956538616744 0.838554400467222 0.544663791309973 -0.449754609528331 -0.481610828064303 0.752178038431885 -0.234687905719667 0.396920003888426 -0.131256944456749 -0.242618341537301 0.215273295158502 0.771020930554146
-20.6012991360104 41.5283723618294 7.08900383304082 -0.389314423310757 0.897769458593618 0.206020093725626 -0.507351328554032 -0.395683749881812 0.765525309505806 -0.318473556874515 0.507614607974414 0.617007304550964 -0.290429421238222 0.171459039006546 -0.34049385001409
-20.5431138940139 41.5468783526686 7.60250454071436 -0.828954866563369 0.505874719998142 -0.238588760983697 -0.47654779141664 -0.415487475347621 0.774772457128654 0.155857011808879 -0.409131247249989 0.0748041984171248 0.460796407544795 -0.0741407675790569 0.748781060360523
-20.7700899663753 41.7384757063535 8.06028459841747 -0.756477330539469 -0.265881351264862 -0.5975359030464 -0.4823070475424 -0.390280184918375 0.784258432629842 0.088457073011258 0.249065307144017 0.229094882107712 -0.409260164805424 -0.366565437155896 -0.167715491360825
-21.1776772556488 41.8182765536295 8.37832997799891 -0.250219454463989 -0.751812654584123 -0.610055699928214 -0.485205509955813 -0.447891861663086 0.75097835745411 0.353308596322137 -0.0997182469639103 0.118389747640443 0.0612454500561166 0.105302740382232 0.0933237674308506
-21.683771821429 41.6154309851006 8.5770366035797 0.353818002138092 -0.836210845805643 -0.419003869576446 -0.469167368295443 -0.546220134648176 0.693920416929487 -0.160540104836121 -0.210122308055013 -0.413352595500059 -0.108006273411933 -0.0802678724111277 0.67262014360879
-22.1307152923577 41.2847715417486 8.59091452336115 0.7670334931862 -0.639168178773176 0.0558897090201742 -0.547728373441995 -0.606947743174633 0.575854205491147 0.28430285608559 0.483462601336231 0.273865826402392 0.0791168450017849 0.091061202677768 0.444451680180442
-22.3562791491232 40.8658830219259 8.68222881583744 0.898540937752248 -0.190301104419074 0.395486627890455 -0.437992507732214 -0.446396715712586 0.78031566392804 -0.04815049912647 0.0555477204529168 0.285497425519299 -0.413483360585135 -0.501011835614861 -0.0301690443187299
-21.2746635299765 40.6361491780195 9.10961314550189 -0.934659328888898 0.0704501008001369 -0.348494938583317 0.348290409420241 0.378408221175693 -0.857613554494446 0.211924629878684 0.253883353398464 0.198131539637604 -0.0906423785433023 -0.333663316833015 0.055318999507395
-21.2366776460141 40.5329043043472 8.52968779027818 -0.80329263527469 0.593357589559106 -0.051455932855662 0.425124179996083 0.510733078465941 -0.74727582199839 0.336185182439348 0.261104567401461 -0.475156365357999 0.11711118317698 0.257659235124975 0.035298047691903
-21.3191899595262 40.6480516669573 8.03753010478716 -0.249112668133382 0.847111691317974 0.469408842064001 0.317606488089851 0.529341808976753 -0.786716828339414 0.182523228402254 0.198288995273274 -0.189198600539849 0.431881949659578 0.0690977811528302 0.450831180304402
-21.5275439529015 40.9385498601449 7.63603806615849 0.483197612495272 0.642899833707716 0.594306209876257 0.249530224044654 0.549529142465514 -0.797340823531155 0.0132592183129854 -0.0730719625513059 -0.340426746229747 -0.161270205948987 -0.188982660840253 0.193557975404575
-21.663915825482 41.4450006028437 7.33220705706012 0.795900997714478 0.180730781402579 0.577821760139507 0.375097862691386 0.601957625341133 -0.704945821108288 -0.139573891264147 0.0344869640456261 -0.606192369833032 0.213753768569482 0.572939492282805 0.129782742196592
-21.5377574205758 41.9947636072729 7.2147502418006 0.865248533451231 -0.366286147166261 0.342314816732456 0.500703211632658 0.66584057307422 -0.553129844709996 0.22855275637521 -0.186402977258564 -0.093366440761413 -0.287396349170989 0.324099404933409 0.18672449808584
-21.2424283337085 42.4807120731328 7.25154325076533 0.625389236221805 -0.750310445256024 -0.214295447822879 0.522795574083188 0.606766539282907 -0.598764690446619 0.00746941037902804 -0.210858464799905 0.211680788542298 0.0881453993207091 -0.289881806233665 -0.12868905845807
-20.7311069309852 42.6878890318703 7.20735933826658 0.17277560925843 -0.806408855468389 -0.565555785637066 0.541639379648579 0.557365715329391 -0.629261664007306 -0.345858236065064 0.052745266205481 -0.147750108487202 -0.383992912311091 -0.0972198076128457 0.167203918628055
t = 300000
b = 20 20 20
E = -1.10207358501923 -1.37128437915501 0.269210794135775
-37.6185948653281 49.1805830330015 -11.5234598572726 -0.00316171135681815 -0.995187913441382 0.097933755781583 0.910133316590222 -0.0434384589157739 -0.412032093797939 -0.29943756750052 0.384051468706546 0.197300018187518 0.133695376124138 -0.231989992733189 0.416391653776824
-37.1241533363509 49.0482539089307 -11.4093532161501 -0.308388836605502 -0.676793784337334 -0.668465779931539 0.868810071885937 0.0857754019748036 -0.487659347706607 -0.407785084154965 0.0620256799504789 0.101180633791048 -0.30737898758849 -0.00427617438384268 0.199118804662024
-36.7188749300794 48.758231692736 -11.3820016749007 -0.436913008686778 -0.18829339292169 -0.879575250346616 0.894157140423488 -0.197373190421604 -0.401904008355865 0.252552326718037 0.525821843972332 0.38695020257679 -0.0254692963369993 0.262155408513801 -0.110038755036755
-36.3169093415845 48.4417333323556 -11.6842733476492 -0.458066376078682 0.340115902396383 -0.821277278416504 0.804354575063273 -0.234706082191411 -0.545826687289215 0.121779947741367 0.571145411080228 0.0769380605981806 0.0251877123364321 0.523672047694357 -0.110821126078271
-35.9521313287427 48.2476928591097 -12.0624427059408 -0.444982879821106 0.698368344898848 -0.560599582152271 0.85094546002334 0.134656186273133 -0.507700241839661 -0.203162740980718 -0.0532401054009192 -0.412836539133466 -0.234912180602964 -0.421236340569154 -0.356929561085397
-35.7942096279661 48.1303080077287 -12.5588972039859 -0.156135336542701 0.987536670350278 -0.0198262804414046 0.876710518259074 0.129311405577433 -0.463311156310202 -0.323017484009132 -0.468746132708511 -0.0878113250345834 0.440096853098999 -0.519824993096347 0.214170962767596
-35.6117449492086 48.196873773937 -13.101503953282 0.218117757747062 0.858530544569365 0.46405812976056 0.824737925106938 0.0920652938838259 -0.557970730910142 -0.128743195516242 0.391582439596202 -0.143195934039729 0.145332732638042 -0.232118828922634 0.0803306104654706
-35.3345447455784 48.4103872586195 -13.4381894408213 0.354882865145777 0.475690000718675 0.804846056859453 0.847801488211208 0.199122158194423 -0.49151093853835 0.0242951174630101 -0.546797305292481 0.44054686088131 0.330422418610585 -0.384986084281244 -0.279997111347631
-34.8823333322622 49.024119326116 -12.5655789601983 -0.477931865653347 -0.580755428059703 -0.659017651184183 -0.847543434636288 0.107790339583482 0.519664669856826 0.0780824955621308 0.253929829422195 0.128198655889272 -0.0705587205769339 -0.151656718724952 -0.426881646797787
-35.4506096257267 49.2797720337875 -12.5842431745812 -0.129614896894661 -0.914261252276959 -0.383831136162712 -0.901247884708579 -0.0527875049996108 0.430076423004363 0.44431511917877 -0.380145908883586 0.11543718272271 0.0677890325582687 0.144323069174601 0.0448557087111685
-35.9699840323551 49.2923074517765 -12.6253968759431 0.155697306843194 -0.987449193480044 0.0265035646167349 -0.909693931248932 -0.132876853742945 0.393447192375522 0.322825082770326 -0.214451772130241 -0.413145084105411 -0.214682826968902 0.204125890881239 -0.292689274708191
-36.4977542550384 49.1570742996783 -12.6573497169048 0.432771160688961 -0.844159924153036 0.316390810438347 -0.8773944754171 -0.313782734804775 0.362931577361341 -0.445227350129835 0.517086529467573 0.0472745704056896 -0.126489366375794 -0.00246170703100725 -0.00807192703078394
-36.8854419355704 48.8423126049663 -12.6701160265693 0.487364312967868 -0.323672733420157 0.810994443930224 -0.873180513539517 -0.186649489037408 0.450241889451597 0.4883153513474 -0.236974607202055 -0.158644357857421 0.0163492885271103 -0.00647858952555048 -0.198688682091589
-37.2280384226803 48.5586870270287 -12.4451962377106 0.546520234945446 0.198332957179506 0.813621331389239 -0.823465231325811 -0.0495132157699383 0.565202135754634 0.0756344795111825 0.0808874205138279 -0.722137830880294 -0.248011651201851 -0.407579884591643 0.411095105730217
-37.5410159536268 48.1972766432147 -12.1330591939418 0.420942962602083 0.704844604054277 0.570965065806396 -0.710566037859195 -0.135028082228461 0.690552910971158 -0.403958281510941 -0.141974233980966 -0.669593137873467 0.101544538169764 -0.457085144268337 -0.238462107852004
-37.7348326286218 48.0155548394215 -11.633737593169 0.0865951177291958 0.988264150581679 0.125838206680484 -0.702148983462594 -0.0290643296225951 0.711436623857749 0.210812199879518 -0.252271599104337 -0.00533004519367423 -0.00634813629911134 -0.166634887882311 0.253470469156626
t = 400000
b = 20 20 20
E = -1.13091919585929 -1.39661053615385 0.265691340294556
-36.1207656521977 29.5786993977099 -29.5318719509602 0.0893109350643351 0.928974934884008 -0.35920624609717 0.147043859041512 -0.368993497556035 -0.917726485549778 0.361273607735244 -0.376350898595076 0.0294951864909577 -0.0785097849524368 -0.424183631189241 -0.44000514167249
-36.3638443102672 29.5358494932495 -30.0268968886841 0.730877607179532 0.66703069060119 -0.14452674880305 0.116774123995898 -0.330849643495673 -0.9364306260283 -0.340865880546472 -0.324691808732145 -0.039870114404749 0.239528860327564 0.355178927369099 -0.33101557772589
-36.3999510609848 29.5570600081695 -30.6044822432397 0.930711858164276 0.341340398656716 0.131385574996744 0.217975509058619 -0.22919048400853 -0.948661372403566 -0.000835129739343952 0.289514166012282 0.060369426645967 0.0311135089256129 0.115206805992097 0.151624367609901
-36.262008023888 29.8548169321388 -31.0775860586767 0.847443548762385 -0.43564138027958 0.303407349036019 0.235290230979433 -0.204108583251045 -0.950251647432878 -0.268046913515006 -0.0619582352632576 0.0338498354557107 0.336225259214336 0.228852276268616 -0.11336733714194
-35.9887279997547 29.7821691562234 -31.5307975687211 0.570048235791355 -0.631261161983019 0.525884354438357 0.285319989610562 -0.448133853292037 -0.847212224334782 -0.273208938779729 -0.00225230517579943 -0.10127486029298 0.790508410753128 -0.325475278413605 0.0240441431542815
-35.4697268744619 29.7304950648763 -31.8342438478501 -0.133527355811967 -0.927793257313126 0.348382142099878 0.209205355771525 -0.369996516000282 -0.905171639670687 0.0911170476798826 0.307043122714181 0.0633073284455247 0.486089566575192 0.428562420478356 0.0352458093373588
-35.1601319463939 29.3867232344823 -32.2423619899659 -0.71812230354974 -0.594295307888879 0.362095904651916 0.123818904151799 -0.621125107497555 -0.773868515841528 0.114867548068676 -0.18668467729922 0.210437659415244 -0.342175385877646 0.0782243603044333 0.342475681170766
-34.9873459735718 28.9565436303036 -32.332754868876 -0.949667870642696 -0.144969016947363 -0.277695732041899 0.292831626316682 -0.725698722384004 -0.62258413323741 -0.108148101478021 0.324497623858729 -0.118196397245328 0.105732341365322 0.393915179569239 0.188778837479694
-36.1349507816246 28.6384121913236 -32.3246217803871 0.948415982010635 0.310540292798974 -0.0638110618562014 -0.0914352826792691 0.460663115137588 0.882852809608188 0.36937185479037 0.364675665498543 0.326530797204156 -0.0709046440943237 0.380312340144544 -0.105815723381628
-35.964323285877 28.6104288862735 -31.7988300976385 0.648788826012759 0.686874701128326 -0.327530462996714 0.0672215450595776 0.376998400994789 0.923771329673731 0.0311169000334367 0.185959088698939 0.177170291750104 0.828596176912191 -0.352142547510482 -0.19598996246216
-35.5953069436385 28.6817497759252 -31.3574498891264 0.0474681838396111 0.8914715133323 -0.450583302442487 0.106963239664093 0.443961474367365 0.889638732653933 0.202856759449081 0.0659676739657183 0.27211344483958 -0.505187735025444 -0.0498942533660109 0.442675522307011
-35.3883938350136 28.939190342285 -30.9561221944256 -0.399248419747498 0.784474114502144 -0.474553540715047 -0.0398011964108294 0.502277825218942 0.863789818797133 -0.453803130133911 -0.0539653225356647 0.0858473256804403 0.375887525031809 -0.57581695738694 -0.0713660498318361
-35.2657781589239 29.3228297210336 -30.6651012796524 -0.874625105456634 0.390676632264632 -0.287058694185244 -0.0281421863832736 0.550205418715291 0.834554979951494 0.215996683855549 -0.496176031561063 0.00563117105121216 0.154657891241934 0.0866302888137372 0.230488483140021
-35.282035679711 29.8317429566072 -30.3647251178123 -0.957136917868099 -0.0644112254671236 -0.28238292173535 -0.27591704279672 0.499275305380381 0.821336687925037 -0.876142787203869 0.0455705187212565 -0.457146199220549 -0.227271551495609 0.065450357458513 0.316768283676335
-35.4766064864128 30.2837538115066 -30.2638139712493 -0.792063577554705 -0.584214804475536 0.176998167625588 -0.215726062301382 0.539129765595001 0.814126133896594 -0.494798150492507 -0.0479359349910296 -1.02756548210741e-06 0.0408746215857475 -0.00688932888179231 0.0937029661048112
-35.8320977274078 30.6181219435685 -30.1034744429154 -0.26922406218957 -0.826708555582897 0.494035796743723 -0.331021182964971 0.561155876361843 0.758636315274355 -0.26873513717086 -0.286779002494721 -0.0565172035620246 -0.157479666620362 0.323044090218957 -0.407897300391436
t = 500000
b = 20 20 20
E = -1.10650743072975 -1.37997154104792 0.273464110318174
-28.2467384534638 19.8856325861253 -35.8923961510689 -0.397479076302309 0.305149840241847 0.865386595055789 -0.898224217037454 0.0634470656264786 -0.434934162593435 -0.208194005375043 0.329638813347712 0.294655490816512 0.206522560936424 0.124261104183865 -0.0189825082826649
-28.7162616411004 19.7127920885069 -36.0600040418202 -0.128957009923926 0.700752418877625 0.701652433209394 -0.858696664609918 0.274990737611029 -0.432458243551868 -0.0457215307901932 -0.519646449186233 -0.142088237097598 -0.331536464233699 0.43887613247127 0.00716943207719127
-29.2336806384076 19.7738141585966 -36.0704407014322 0.302016082062584 0.916320238553628 0.262951528979407 -0.842795279563594 0.385554414641087 -0.375558131447166 0.490019443303907 -0.273003698290646 0.0988909881727547 0.226329056982949 -0.579429921005508 -0.0266929811628108
-29.6995530834148 20.0290358364594 -35.9477947366292 0.566983085937126 0.760678454455073 -0.31606719094053 -0.80523394095108 0.430974588432766 -0.407258154572222 0.400836010814335 -0.222725233692152 -0.208492563532442 -0.111199470937699 -0.0601478339550518 0.000490869452552365
-30.0594830967289 20.4461257376849 -35.9991447989421 0.765662823143635 0.279659307245349 -0.579267738724273 -0.62853809136697 0.516723826194669 -0.581322935332453 0.190098835912332 0.0729152590721694 0.237248631099031 0.467452921335427 -0.210108383684988 0.0352108349308538
-30.2126086824764 20.9758100007269 -36.1798923787366 0.576324823122889 -0.218365655761152 -0.78750627847425 -0.713585587350124 0.335197751667334 -0.615173208782159 0.0828095114893203 0.521649126337982 0.450063359041347 0.21577693045762 -0.423561085421635 -0.287119613148756
-30.4058486401268 21.2758658471195 -36.537947276803 0.378382549801108 -0.74833266637517 -0.544816360292008 -0.547944017642499 0.29329641796136 -0.78341212955942 0.431100411978613 -0.144198702394421 0.331260244912175 -0.331047328545186 -0.517863249776686 0.304715457531391
-30.4257611654945 21.6059830818922 -37.0423121436523 -0.179524729083726 -0.974614163504798 -0.133783795518247 -0.77152895247316 0.22386070229766 -0.595507734175152 -0.448725373914922 0.00790037019164653 0.23147586343997 -0.547699062469644 -0.253928932745529 0.14158939623863
-30.5170263877213 20.4363013576434 -37.2199239783813 0.274287414756153 0.961643671781978 0.00280403781256832 0.76231715374772 -0.219209594401321 0.608949678400741 0.379374730082105 0.0344554538532658 -0.254055716985276 -0.22282706481805 0.698402879506427 -0.318936566196229
-30.0299094751065 20.4156075313668 -37.2585161351253 -0.254315770651774 0.740357930893872 0.622248843277616 0.772390862558313 -0.231712109116369 0.591372855248868 -0.00649628204771831 0.409445609895234 0.164285183143513 0.0271480055723704 -0.00178989967772383 -0.34067846851475
-29.5736903000719 20.5894641733344 -37.0531057238472 -0.6720640863899 0.248129157944635 0.697683154994171 0.708847168997017 -0.0569203066989281 0.703061711153605 -0.0421250383390708 -0.0336178202638283 -0.0101208146262617 -0.179067010733683 0.0510176703425773 0.128406818132603
-29.1823959586875 20.7782665827953 -36.6858975750887 -0.813175639692873 -0.275343816028941 0.512768136670676 0.55823907180309 -0.11972544739748 0.820996319089151 -0.309027223324015 0.182462444111716 -0.191236298541044 -0.167191541070213 -0.170552869843701 -0.323253946282826
-28.9621736020917 20.9493229186 -36.2187880286556 -0.637892911631862 -0.750117800856165 0.174401600131722 0.494692620262894 -0.225547812309488 0.839289816344654 0.340059346685743 -0.234633222808033 -0.305772887889839 -0.159564999334158 -0.0547175500107903 -0.682411520485893
-28.8668206603 20.8583722763606 -35.7105774335017 -0.321179331062795 -0.899689403326467 -0.295639670612885 0.50675489528758 -0.427000163953644 0.748912769343429 -0.204465480214705 -0.416696279273994 -0.0344795058548596 -0.593372778701304 0.400964227262377 0.207198836925305
-28.8987382497228 20.5677387796511 -35.2746569240524 0.214212875848923 -0.685082670630074 -0.696257551645182 0.595981963227765 -0.473078185918301 0.648847077141751 0.538597965087465 -0.666806773280294 0.266896305700043 0.0293715217707499 0.325566484422913 0.127672621663547
-28.7578355419009 20.2250198147189 -34.9323824251347 0.45944371501125 -0.338191275600788 -0.821302705367587 0.708003914076272 -0.418898275441462 0.568554915979814 -0.290872961108465 -0.29444683743639 0.0758912211398581 -0.180854161479444 0.28958622759839 -0.0627508276529397
t = 600000
b = 20 20 20
E = -1.00741419959843 -1.290937214265 0.28352301466657
-22.613195128089 32.4480029234676 -53.865003052574 0.215192217323991 -0.66000333719685 0.719783234378384 0.662570144198224 -0.442789021041551 -0.60410155343469 0.331528922195159 0.104253351999854 -0.306043378562513 0.201643768147505 0.147218926847517 -0.0826197911814786
-22.1505645606221 32.4414947358668 -54.0698657783136 -0.486882559735457 -0.827547594205771 0.279482293445869 0.410509376625367 -0.499223430386599 -0.763058332144852 -0.512395628117646 -0.0136061768389149 0.0578951540839353 -0.296115508465592 0.107572801536353 -0.0650055410347514
-21.8011163944323 32.0732630341874 -53.9761791728579 -0.702879756970568 -0.603089835873076 -0.377150761775224 0.684069871017681 -0.427797749605029 -0.590793954775058 0.113546331319783 0.533811318085582 -0.0786686730129922 0.147022047799345 0.323050854032649 -0.00533991017512662
-21.5958697266643 31.584523393052 -53.9676834562884 -0.572773587711887 -0.0608943393738374 -0.817448650773783 0.709917331823924 -0.535417281003858 -0.457543131495184 -0.554054994236797 -0.404215439859663 0.26026222169886 0.27186041572508 0.0388881814492573 -0.00867090272851337
-21.4119963857161 31.1036158309276 -54.2566131468164 -0.543148142193172 0.314873364959861 -0.778360366199989 0.629704502645011 -0.460435809427843 -0.625676517655241 0.388930566552667 0.512619510217258 -0.352984040022703 -0.307738149562024 -0.213121892548376 -0.195520002405687
-21.3951346165168 30.7048298177933 -54.6782450938868 -0.155334207026484 0.825660861200281 -0.542360974268521 0.571719707990005 -0.372596856422292 -0.730963855522345 -0.0837872198909456 0.0546247436129409 0.018098856006519 -0.62136446310211 -0.0012021240468289 0.482520032209072
-21.4803309639585 30.5149584930582 -55.2066770334921 0.332951895922561 0.919147743502309 -0.210500500275493 0.573662493208841 -0.374620118594439 -0.728403123709463 0.078472056081072 0.156603950506076 -0.102838277918075 0.224387506827276 -0.129111747180086 0.0600896170841672
-21.3212595511267 30.5400862803692 -55.7097032981417 0.683329537600983 0.602274072855482 0.412706535213667 0.664549194728674 -0.278957209757127 -0.693222361807515 -0.168793154026762 0.118827224169754 0.0377160496911814 0.515562258945715 -0.0332755381874008 0.150219167839883
-20.5552786168554 31.3240819344362 -55.2553668274503 -0.614441711921205 -0.677388713054553 -0.404482279065041 -0.745718770410204 0.33123300708822 0.578090140439356 -0.107326273798749 0.703526970290662 0.332246444902868 0.145899691538172 0.138155325154534 0.48118506290616
-21.0112598242476 31.6349612450175 -55.3622416940335 -0.318768288094898 -0.935379716343149 0.153139037344722 -0.788914821511503 0.351388683070652 0.504122403597926 -0.284880977427309 -0.706396020265556 0.774321220268871 0.394486134717976 0.00897240932511903 0.188865699097664
-21.5151644582702 31.6864658831789 -55.3211922524562 0.191172352702 -0.790840068494674 0.581399275563436 -0.805321334363931 0.21226704257253 0.553534326899179 -0.0579072881088161 -0.194482731909758 -0.416557914277884 0.38730003706008 -0.418567885336796 0.504656154698112
-21.9709928395547 31.5428403456959 -55.2256984262982 0.425625726294819 -0.299831006989969 0.853782237085893 -0.823744430571899 0.262152306762232 0.502713915821998 0.0795553885443367 -0.101659067264454 -0.761194699075142 -0.0201703311876615 0.203079340581995 0.0384152659781958
-22.358660336796 31.4709856123221 -54.9200753921122 0.627880757974357 0.181609018233986 0.756824892733913 -0.777709082486844 0.184584630623373 0.600913552148032 -0.0505141679283127 -0.432858893496995 -0.0606002806081893 -0.0496526899833706 0.256551489829457 0.278572308686509
-22.7132126950382 31.4549358234261 -54.3968442604302 0.817975760788913 0.399781574627778 0.413630689564953 -0.557741330389836 0.375097881579854 0.740422978850108 0.251666228344236 0.0942174981086119 0.299109786836968 0.37528362317111 -0.052707637874693 -0.241123952939578
-22.7676133353491 31.3869719912281 -53.8466005134311 0.44532218021011 0.888362258820198 -0.111806318769513 -0.548124052518872 0.36922033015084 0.750490753343154 0.383563228800344 -0.0107535325750683 0.771467732879248 -0.107167145307703 -0.268752287179526 -0.129687252871346
-22.9142864977986 30.5353569265395 -53.7675460208211 -0.366709930091513 0.256434657213547 -0.894295864774075 -0.509127991125966 -0.859860786888037 -0.0377904197422451 0.139806886035345 -0.250113833873281 0.0980491106293028 0.123716161704583 -0.431642655937227 -0.226826114019205
t = 700000
b = 20 20 20
E = -0.909601053120825 -1.22477448206846 0.315173428947639
-16.1416320818799 33.9486060064328 -71.7802952222347 0.00322806977290701 0.769367636842123 0.638798104995232 -0.975984453262681 0.141566022404534 -0.165569949840269 0.220061410976294 -0.00156146370422316 -0.45976412261524 -0.138286822491872 -0.0973252500764057 0.291326486928399
-15.9948615292528 33.3338807155165 -71.1131909863848 0.114622759757886 0.452375222356534 0.884431049400311 -0.800180493027468 -0.485556466180082 0.352059791411934 0.657000510009952 -0.248214506826034 -0.018067463289157 -0.347910316756897 -0.117974838065234 -0.0298568362218438
-16.1029281311135 33.0053819504384 -70.6460290383488 -0.21800265089562 0.881446641058419 0.418959023257985 -0.78458984085918 -0.413595631256739 0.461906305895317 0.156791912438617 0.029205111236401 -0.165859655065118 0.425249111268967 0.65403796884186 -0.0941540822370055
-16.2824311617688 32.7835996089851 -70.2074729519588 -0.381540037044503 0.917067995302661 -0.11581663146401 -0.828254637718544 -0.283552035396569 0.483314078338518 -0.0362146429043526 0.450871313435882 -0.197241888418795 -0.270492412714962 -0.0248720964627117 -0.162693223694038
-16.4608762916971 32.938852769109 -69.7323810980672 -0.595809465132513 0.488689487290217 -0.637333245853776 -0.782868378653093 -0.176286523390882 0.596691011643247 -0.0571820228608321 0.0339380963022944 -0.14202398972201 0.155599830990398 -0.388883621999067 -0.205324057037965
-16.8346855270143 33.1295702968455 -69.3271809062371 -0.478469428952355 -0.0975320335130174 -0.87267090474979 -0.827410070913298 -0.282709855266061 0.485250154339689 -0.619187054204557 0.0263504779990609 0.162910369706654 -0.100209024805202 -0.306536430200855 -0.480316184246964
-17.3799535594272 33.2027860443978 -69.1647312895305 -0.091570078147094 -0.492235785334785 -0.865632053717953 -0.933203578541614 -0.260918917093378 0.247087838025069 0.261333252107667 0.087709513928204 0.238670369261546 0.428119037673916 0.0314637223626942 -0.494181054775677
-17.927556043202 33.2988386981206 -69.2885150871643 0.168013432511174 -0.887765798311194 -0.42853631566611 -0.941933377401628 -0.272791091897296 0.195822707361051 -0.369747588517685 0.114600326460252 0.15149124505758 -0.408247651652668 0.410156792398225 -0.0848137080929952
-17.6860778128331 32.2767944853351 -69.8578975241397 -0.271196979545503 0.824989568772253 0.495826995737784 0.661537617404515 0.533939802619937 -0.526570287746041 -0.121719158860157 -0.282943882362021 -0.490483303584243 0.887980648856198 -0.155885390498137 -0.605495140249254
-17.599290195096 32.6856604492405 -70.2348271152761 0.20050173782649 0.470453012648919 0.859344526961188 0.668323808327096 0.575684795614345 -0.471094792288835 -0.17145881596582 -0.319895660805857 -0.0597103401156566 0.078187313152782 0.332444134934987 -0.0519142522034735
-17.4310919800708 33.1280727580223 -70.4195717308056 0.521249373029685 -0.056199220935568 0.851551958885867 0.747755957028312 0.510971534212037 -0.423991886660262 0.263501777999831 -0.0140347086823363 0.467859248181541 -0.844512195901166 -0.222830751416859 -0.605561247493718
-17.158726897267 33.5969359086098 -70.3797731255193 0.579079880310367 -0.619388026420555 0.530117878350295 0.804811689284822 0.538122845267951 -0.250403570643948 0.521812908023819 0.182469804253523 0.134572597310648 -0.343896611211207 -0.0404176852035817 -0.281553138609915
-16.7853059040989 33.9636265083425 -70.3307612432769 0.445752832365727 -0.884207055004014 0.139578996697389 0.867016107736594 0.387670428762418 -0.313041063741547 0.482903820345538 -0.282558217161631 0.326754213521775 -0.149147774128338 0.240095448165403 0.359039963294547
-16.3598136846493 34.0550436720679 -70.1497779548604 0.243867054277458 -0.881240662465981 -0.404899684680644 0.932884106995125 0.327267108814843 -0.150411044820109 0.0753136651100333 -0.891493613467477 -0.161872900785574 -0.194279006057856 0.115806121684749 0.0291786853944463
-15.8578155130974 33.9911881404692 -70.0929065177994 -0.135724235764058 -0.627556385224577 -0.766649799576142 0.984956518042265 -0.00193105174803784 -0.172791575619907 -0.3084375962473 -0.28515193163647 0.0965953750030833 0.105272301108502 0.0971557654404106 0.284919766857141
-15.2878231668033 34.978681464017 -69.5272070142949 -0.390350541104228 0.651608407622412 0.650409823246384 0.706769238553923 0.664814803104149 -0.241864674989012 -0.0669229485855145 0.000834054252145872 -0.1948234286424 0.467682533779224 -0.162023109206837 0.460674570960541
t = 800000
b = 20 20 20
E = -0.976008915052012 -1.30477976561202 0.328770850560005
-5.22089167757822 21.9910029301251 -99.1693408464071 -0.133374216881262 -0.653251722059467 0.745300949883774 -0.76501582480708 0.545941396473798 0.341612030541953 0.216885963802122 -0.24041380544855 0.240243386683225 0.217379257146108 -0.545879892767546 -0.15453782329204
-5.7936722860915 21.9433872967747 -99.0118977783489 0.442224752730601 -0.311817870751414 0.840955934370138 -0.748462770897807 0.388343842057332 0.53758026462668 -0.187038362950459 -0.217682831011419 0.100060013087783 -0.14873116177706 0.143519644294575 -0.505154636398606
-6.23761542051311 21.8671151770248 -98.6920749621976 0.773281013804783 0.224278071723024 0.593073199726047 -0.624200941547397 0.433599228267084 0.64989606385754 -0.00302011049189533 -0.139056995364882 0.105310640627244 0.207820592080506 0.325964605591985 -0.112568640685379
-6.50557301433096 21.788228020535 -98.2448968629561 0.723195746700171 0.647911027989309 0.239163566967487 -0.602716267177793 0.422988930815246 0.676619143748506 0.153613354862181 -0.0457513984247957 -0.475082560430738 -0.082365188427078 0.23763785566885 0.201671521869311
-6.63757182861844 21.9078809949575 -97.6869449323593 0.505564077471692 0.816627433357181 -0.278432395131497 -0.446081053439922 0.523635299682196 0.725822131578141 0.288501908530964 0.154940990072231 0.511599979048515 0.0701368903067245 0.175963269379438 0.0100924276773188
-6.56659795342367 22.1675592014955 -97.2130450499259 -0.148133480247075 0.758876956656007 -0.634162626371544 -0.594054518709007 0.444382655328078 0.67053954726401 0.190465110527871 -0.235737391057344 -0.0131210617404783 -0.626353088239658 0.197214226896477 -0.0451665478983169
-6.5217059530499 22.6155319202656 -96.9141285885102 -0.799507011891539 0.157786716209196 -0.579561808717717 -0.45039559311146 0.480901693301225 0.752248211088461 0.779173209767419 -0.330568983378425 0.108321043696383 -0.465579012389781 -0.169921316416128 -0.36807828217024
-6.49702021557345 23.1311048376181 -96.2773725486008 0.0784681484617373 0.790378693913975 -0.607572440029851 0.994263484470785 -0.106479815461136 -0.0101080338050721 -0.126458551375713 -0.510350300610668 -0.649213474992543 -0.0112285397669739 -0.193791596733771 -0.526772046820947
-7.30439624248102 22.9740816987307 -97.3047385584247 0.775757866221999 0.525365744194195 0.349557674528771 0.592242921323345 -0.414942155946252 -0.690703503220498 0.385878431492646 0.106092888940493 0.224925417243055 0.102678131873317 -0.258651809670595 0.0155649179323499
-6.97635437921169 23.0768290420283 -97.6913258919688 0.62607260308926 -0.171604307049254 0.760647788048578 0.639120936604265 -0.445913966373218 -0.62664596303446 -0.278851689507135 0.520361919702883 0.00430020847810802 -0.0299717120213621 -0.402626553934184 -0.243347005270554
-6.57405817259371 23.0464639320689 -98.0117770963665 0.178017678681282 -0.65520937036847 0.734173267736091 0.64297858910047 -0.487339336935906 -0.590828997793132 -0.10479029399799 -0.31157224973938 -0.15918622837377 -0.306046425074943 0.32069925288925 0.334726273254888
-6.10100614838248 22.882768904883 -98.0650795761428 -0.432541007279419 -0.831668740953443 0.348188716564184 0.621827875629045 -0.554813390243275 -0.55273157599093 0.239349249385948 -0.323313449299691 -0.460784511216091 0.0569324111548962 0.397502656112017 -0.0712398119932752
-5.64840839206357 22.5942554243384 -98.0120025869679 -0.724290210774585 -0.667379588865864 -0.173228678172489 0.686924169885961 -0.676767775159307 -0.264802876367314 0.213769151265117 -0.0970483192905636 -0.32131073498478 -0.490639013337313 0.50618587236809 0.472921365398354
-5.40795973468663 22.1683849249349 -97.9203701069028 -0.629939219586092 -0.305094604458102 -0.714208556345962 0.673977909899016 -0.671704285749273 -0.30751768969314 0.863242995165279 0.433610491282135 -0.234883034480364 -0.440146999634123 -0.299317330626289 -0.0500246055622714
-5.22772062431982 21.6504986208794 -97.9985617382913 -0.418526044964901 0.281873996306744 -0.86335566245442 0.500196707173318 -0.721910107019728 -0.478172616861005 -0.143725110224534 0.368261682638253 -0.0596055678192603 -0.845291970108065 0.388067438620956 0.231044946902123
-5.39091814414996 21.2390534109733 -98.2995493698815 0.238241289836231 0.639931435701274 -0.730567481769147 0.501802854683615 -0.725148159447459 -0.471544315925165 -0.168753406071484 0.0963930061441667 0.485629070119089 0.556741172186636 -0.584412368017904 -0.0071951292734754
t = 900000
b = 20 20 20
E = -1.13980001618222 -1.44828429946591 0.308484283283692
2.48335509503125 12.2706878518456 -91.0712564456357 0.829628687247408 -0.412353904854052 0.376404700352958 0.546717503149498 0.463306334995432 -0.697457677356205 0.27603039531977 0.000900671884736256 -0.0695915311535116 -0.531881425633351 0.503546069885716 -0.0165110212046504
2.89499023722568 12.5788208516069 -91.2675652422775 0.491728673496234 -0.868110195880153 0.0677318202218902 0.746138413074101 0.379984170542145 -0.546707873249226 0.118370398776263 -0.342812176458204 0.208393730068689 -0.223296645194263 0.050923952431828 0.358952272639767
3.40068399211705 12.7498366866019 -91.2229438140664 -0.0151846884704675 -0.851165954157511 -0.524676989889215 0.733047913682371 0.347389963465224 -0.584774289388255 0.325240595960663 -0.25508205484932 0.317021585953645 -0.534863417395099 0.00922957750606413 0.214542829302343
3.892018341528 12.7700803142968 -91.3961226163717 -0.394198452122411 -0.678582172376448 -0.619785298048613 0.644062155559279 0.277096478066074 -0.713022777770649 -0.23721774434783 -0.415556800627792 0.421676034594382 -0.189069458670677 -0.0837834089941764 0.209045389989504
4.30973857417195 12.5762392432945 -91.6883539007534 -0.706603622283044 -0.116534601448157 -0.697947711251965 0.664706878130362 0.228910980089197 -0.711171237720452 0.102520963806197 0.180115662651467 -0.207241770625354 -0.260556702540755 0.436418423581125 -0.26308908398805
4.5674474656992 12.3555714204784 -92.038249577847 -0.692243526135531 0.513373972833214 -0.507194306494953 0.638864628199091 0.109077424611995 -0.761547176658172 -0.425183433858166 -0.1534247735909 0.338634142539938 -0.357803171150877 -0.25294502788944 0.641439755786977
4.65500293039261 12.1103525585343 -92.6196973172827 -0.426271967736191 0.872676498849735 -0.238176274800178 0.365800256543792 -0.07451452941297 -0.927705641471928 -0.15096405709813 0.449610612858191 -0.452664081807945 0.0242946843481536 -0.683523465579739 -0.0816433980602219
4.61237300188282 12.0347774595876 -93.1291818151542 0.0954876392052335 0.993900283800199 0.0551755074362475 0.421788278782117 0.00980865656061538 -0.906641295187071 0.420714047993586 0.351201310757796 0.208202173378415 0.0929260770169407 -0.172696179275858 0.64581324892314
4.62685033210077 13.2724654370831 -93.0286690529065 -0.0250148681581994 -0.997115662861053 -0.0716562017423484 -0.591662995365455 -0.0430095984264494 0.805037312401294 0.199990937133754 -0.159423068523698 0.211532373608041 0.00602197132128553 0.0877941875828014 0.724029011750126
4.13954115845229 13.1173378592143 -92.9015865547863 0.451239615891917 -0.868093888681609 0.206871480594523 -0.635713962639168 -0.149999977657031 0.757210515252182 -0.432973876641441 0.206400641943273 -0.248690507719482 0.611447622686076 -0.0115133040248281 -0.587275713661269
3.72275502410494 12.8437273071855 -92.6939992267063 0.762157412537408 -0.29761822345617 0.574925622651442 -0.642691198787224 -0.241012190316652 0.727228400930715 0.188369571154283 0.458195776084494 -0.00346428406193687 -0.56204657541795 0.170062213113584 0.273535165912253
3.4509713112792 12.3838400012766 -92.4866885125771 0.75435621447382 0.200940414263506 0.624955719711658 -0.531437540581672 -0.371953882943025 0.761067966363146 0.536092026992511 0.412287034418453 0.264747449610659 0.00331409933827736 0.012882497022544 -0.201717198911823
3.44889465928611 12.0305136365501 -92.1784742054119 0.325689091381224 0.663952464865574 0.673122381260778 -0.408693499073365 -0.543126645359238 0.733473292571715 0.139244208824035 -0.00339607979485295 -0.0881994506887903 -0.634560738151894 0.0359657110139743 -0.326903230969581
3.42925897807117 11.6592398336447 -91.7418674826279 0.0256242350621988 0.919262488457029 0.392810228855169 -0.585686733105877 -0.304632217594837 0.751112683068935 -0.021692918505929 -0.126198110949192 -0.369965650965592 0.663203828631587 -0.0205723813335741 0.367276924964518
3.41309243756612 11.5310963762691 -91.2236309090767 -0.452412760645067 0.8913462644856 0.028714644226839 -0.488076952093476 -0.274420179582936 0.828537539205569 0.157351049285544 0.269321815606755 0.0684216293138772 0.17412341732095 0.439772744944156 0.0944416973204441
3.43412327659953 11.6325983588762 -90.7312954397208 -0.841286337727768 0.459763352646524 -0.284350061571603 -0.440060883203689 -0.276939145355208 0.854196188731791 0.223571209593851 -0.159661752089839 0.298554458760494 -0.291406009701807 -0.148746994918934 -0.0470198322872582
t = 1000000
b = 20 20 20
E = -1.06185704082308 -1.32632863522689 0.264471594403814
0.498155205056857 3.68189369303155 -84.82331924881 0.204139020073297 0.545124554856697 0.813121442452357 0.0176999349320969 -0.832532099010839 0.553693973617201 0.162287516777228 -0.273713974106444 0.287533618952018 0.475628766609731 -0.37543666899302 0.115660243108011
0.711256331759794 3.28575794551341 -84.4984487669116 -0.205962621116951 0.756235555880704 0.621037183044975 -0.175871568445516 -0.652916682052356 0.736728578046391 -0.277176834927928 -0.109177200423327 0.261140104736289 0.336495808066801 -0.357797701808879 -0.184350488571636
0.80204439946902 3.1689547164101 -83.974032029218 -0.743692757009708 0.639928230749031 0.193424255618872 -0.235784035124713 -0.521816312448937 0.819825362405008 -0.0673048859123796 -0.347121452725754 0.19800726816181 0.135974375180419 0.15844042000903 -0.379940022517915
0.775815181206436 3.12426622797331 -83.505179596065 -0.965543493560915 0.00984580121340297 -0.260055421479055 -0.227850997770012 -0.514790121436913 0.826483547135803 -0.462951797520915 0.301565801473044 -0.27145025937549 0.251145622440453 0.251374365457592 0.661163150101482
0.524506983996552 2.90443886633899 -83.0878342587207 -0.802266615580347 -0.0777160926612773 -0.591885534936206 -0.374115021183767 -0.707179618335937 0.599945779495871 -0.00532064554741225 0.502130010421056 -0.0568516710554471 -0.0418304939801738 0.0634792712837884 0.0668678536457104
0.134047544826564 2.66269614371099 -82.7698515197951 -0.331753780862156 -0.317647905608492 -0.888278805863454 -0.483699265207304 -0.751134633623039 0.449256923163013 -0.224524491741102 -0.345446627914317 0.405122991499507 0.222773447025393 -0.0926150466249636 -0.0058615966029783
-0.304431435543546 2.42818571586075 -82.6616203752886 0.132282466104157 -0.494057745978282 -0.859306867655707 -0.562311983537683 -0.751328852218203 0.34541307009781 0.0123515073992545 0.220655445532482 -0.254998038018181 0.391143030502379 0.139640687159105 -0.118492034762693
-0.79651369343783 2.15569937216423 -82.7744344223023 0.757264930294331 -0.638930937004257 -0.135340618755732 -0.581973187937801 -0.75418573084851 0.304156360949449 -0.205268201536584 -0.363883573609012 0.340391574744282 -0.0135136997619693 0.354250543349284 -0.218270980778485
-0.0775348917105525 1.50569187363126 -83.3869126869317 -0.683655876603427 0.460197473029423 0.566421157976054 0.341607947888358 0.887640853417856 -0.308865221873758 0.240958016220188 0.194454910834232 -0.12741457570029 -0.442414686342501 -0.0410556782945922 0.067829385330287
-0.165530954041305 1.89325803245391 -83.6903690250035 -0.166008102961911 0.406534164148637 0.898427116204179 0.206573074698659 0.905191145322793 -0.371425033134216 -0.290628311776151 -0.171305764020102 0.23874543548554 -0.227600144923232 -0.0957327988185387 -0.736621853533501
-0.306216088611471 2.37372698489091 -83.7985565237341 0.370614713962218 0.266812892642769 0.88963791180137 0.131944373131572 0.933010181056729 -0.334787521337647 -0.0826531215536208 -0.307460588787001 -0.0683288779929841 0.18988924419693 0.496853744222941 0.136444182894826
-0.459375876892583 2.82743224104407 -83.6874494178533 0.910634534684366 0.00128055494453707 0.413210726408721 0.154812157617599 0.926102588287299 -0.344045333962473 0.296104762332588 -0.016679653623808 -0.619160689124949 -0.477958837006565 0.134697655124102 0.0728216552216928
-0.401744975941622 3.3553699046944 -83.6182863825492 0.946426004646418 -0.322523276931641 -0.0160172896051453 0.285586803867872 0.859127891101823 -0.424663919102469 -0.175816752787139 -0.187962390939618 0.0168608685210188 0.266230421113226 0.242073393170142 -0.528604778981784
-0.182636286490105 3.80544890879965 -83.8729017973667 0.86131963426146 -0.506498067754944 0.0398521642600915 0.472919864080068 0.770604267159303 -0.427218756135969 -0.231153077251501 0.404476510750922 -0.479117955192096 0.150235295757251 -0.0892236342526803 0.547496303674787
0.181596890333964 4.10361626457136 -83.7986027354845 0.459991620764292 -0.661716355868499 -0.59206348747643 0.476038774419146 0.746653979822151 -0.464644939351824 -0.0651668477537174 0.389456105788323 0.355270928564539 -0.306087446232606 -0.570939364042895 0.0402368692295446
0.627991320322966 4.32495107582655 -83.7940681066866 -0.0488677597747266 -0.547153649278127 -0.835604467518112 0.45438996887097 0.732838477194244 -0.506436099160655 -0.662539947560901 -0.0832144040820213 -0.205725219708995 -0.263136646392508 0.132478217833778 0.00339208097774843
