        0.0000  -1.345520   0.354378  -0.991142 
        5.0000  -1.308313   0.315515  -0.992798 
       10.0000  -1.281765   0.284536  -0.997229 
       15.0000  -1.351146   0.320081  -1.031065 
       20.0000  -1.355294   0.281796  -1.073498 
       25.0000  -1.402758   0.335046  -1.067712 
       30.0000  -1.343817   0.270107  -1.073710 
       35.0000  -1.355105   0.303117  -1.051988 
       40.0000  -1.320920   0.257081  -1.063839 
       45.0000  -1.289584   0.229138  -1.060447 
       50.0000  -1.304377   0.235527  -1.068850 
       55.0000  -1.320980   0.254696  -1.066284 
       60.0000  -1.372352   0.319591  -1.052760 
       65.0000  -1.308111   0.286950  -1.021161 
       70.0000  -1.400740   0.396227  -1.004513 
       75.0000  -1.315148   0.317689  -0.997459 
       80.0000  -1.350975   0.374978  -0.975997 
       85.0000  -1.348139   0.362673  -0.985466 
       90.0000  -1.321429   0.337887  -0.983542 
       95.0000  -1.392406   0.409213  -0.983194 
      100.0000  -1.350122   0.356616  -0.993507 
      105.0000  -1.265141   0.245343  -1.019798 
      110.0000  -1.342028   0.345196  -0.996832 
      115.0000  -1.419082   0.437629  -0.981454 
      120.0000  -1.312792   0.327467  -0.985324 
      125.0000  -1.339570   0.380467  -0.959103 
      130.0000  -1.334577   0.381638  -0.952939 
      135.0000  -1.414742   0.472992  -0.941749 
      140.0000  -1.316311   0.372305  -0.944006 
      145.0000  -1.387430   0.430717  -0.956714 
      150.0000  -1.373687   0.432286  -0.941401 
      155.0000  -1.289069   0.331281  -0.957788 
      160.0000  -1.303503   0.332751  -0.970752 
      165.0000  -1.331132   0.361649  -0.969483 
      170.0000  -1.242680   0.284294  -0.958387 
      175.0000  -1.242074   0.280683  -0.961391 
      180.0000  -1.325978   0.336751  -0.989227 
      185.0000  -1.264166   0.315146  -0.949020 
      190.0000  -1.309571   0.346587  -0.962984 
      195.0000  -1.344989   0.375330  -0.969659 
      200.0000  -1.387707   0.369165  -1.018542 
      205.0000  -1.321175   0.306899  -1.014276 
      210.0000  -1.327866   0.313184  -1.014682 
      215.0000  -1.285610   0.264475  -1.021135 
      220.0000  -1.358038   0.341877  -1.016161 
      225.0000  -1.389242   0.352825  -1.036417 
      230.0000  -1.344015   0.288216  -1.055800 
      235.0000  -1.389084   0.289527  -1.099557 
      240.0000  -1.413451   0.300740  -1.112711 
      245.0000  -1.400954   0.286973  -1.113980 
      250.0000  -1.344429   0.240420  -1.104010 
      255.0000  -1.346855   0.226167  -1.120688 
      260.0000  -1.427731   0.302363  -1.125368 
      265.0000  -1.352200   0.249236  -1.102964 
      270.0000  -1.403568   0.276201  -1.127366 
      275.0000  -1.398241   0.254967  -1.143274 
      280.0000  -1.427903   0.298667  -1.129236 
      285.0000  -1.400587   0.298216  -1.102370 
      290.0000  -1.361309   0.299782  -1.061528 
      295.0000  -1.322743   0.246044  -1.076699 
      300.0000  -1.305872   0.247005  -1.058867 
      305.0000  -1.353702   0.291447  -1.062255 
      310.0000  -1.320812   0.242822  -1.077990 
      315.0000  -1.317168   0.254734  -1.062434 
      320.0000  -1.274779   0.208557  -1.066222 
      325.0000  -1.326608   0.243424  -1.083184 
      330.0000  -1.344229   0.253940  -1.090289 
      335.0000  -1.345569   0.264666  -1.080903 
      340.0000  -1.313577   0.227478  -1.086099 
      345.0000  -1.319690   0.251606  -1.068084 
      350.0000  -1.269041   0.256128  -1.012914 
      355.0000  -1.311795   0.280118  -1.031676 
      360.0000  -1.305621   0.266724  -1.038897 
      365.0000  -1.310247   0.257518  -1.052729 
      370.0000  -1.279805   0.254948  -1.024857 
      375.0000  -1.339776   0.312190  -1.027586 
      380.0000  -1.258310   0.280546  -0.977764 
      385.0000  -1.342716   0.365255  -0.977460 
      390.0000  -1.245465   0.266346  -0.979119 
      395.0000  -1.254590   0.308452  -0.946138 
      400.0000  -1.231556   0.299115  -0.932441 
      405.0000  -1.259579   0.316606  -0.942973 
      410.0000  -1.196575   0.283222  -0.913353 
      415.0000  -1.251996   0.327354  -0.924642 
      420.0000  -1.259505   0.370466  -0.889038 
      425.0000  -1.173169   0.336803  -0.836366 
      430.0000  -1.229649   0.387671  -0.841977 
      435.0000  -1.179125   0.341787  -0.837338 
      440.0000  -1.220324   0.400348  -0.819976 
      445.0000  -1.128077   0.315216  -0.812860 
      450.0000  -1.233778   0.406038  -0.827739 
      455.0000  -1.150641   0.330115  -0.820525 
      460.0000  -1.200801   0.363099  -0.837701 
      465.0000  -1.203839   0.348891  -0.854948 
      470.0000  -1.129103   0.280467  -0.848636 
      475.0000  -1.208132   0.344804  -0.863328 
      480.0000  -1.129602   0.267884  -0.861718 
      485.0000  -1.165086   0.290298  -0.874788 
      490.0000  -1.196935   0.303726  -0.893209 
      495.0000  -1.215841   0.335994  -0.879847 
      500.0000  -1.245767   0.344690  -0.901076 
      505.0000  -1.204131   0.296924  -0.907207 
      510.0000  -1.190053   0.285769  -0.904283 
      515.0000  -1.231384   0.326460  -0.904924 
      520.0000  -1.254615   0.350855  -0.903761 
      525.0000  -1.256017   0.313786  -0.942231 
      530.0000  -1.246554   0.316334  -0.930220 
      535.0000  -1.227625   0.280466  -0.947159 
      540.0000  -1.226319   0.232712  -0.993607 
      545.0000  -1.321064   0.310582  -1.010481 
      550.0000  -1.261520   0.258174  -1.003346 
      555.0000  -1.278259   0.307047  -0.971212 
      560.0000  -1.287362   0.263837  -1.023526 
      565.0000  -1.354529   0.294584  -1.059945 
      570.0000  -1.248628   0.230069  -1.018559 
      575.0000  -1.318177   0.293549  -1.024628 
      580.0000  -1.353773   0.327143  -1.026630 
      585.0000  -1.269550   0.243143  -1.026407 
      590.0000  -1.291950   0.314524  -0.977426 
      595.0000  -1.267942   0.286134  -0.981809 
      600.0000  -1.306897   0.338637  -0.968261 
      605.0000  -1.224619   0.230448  -0.994171 
      610.0000  -1.284804   0.310213  -0.974590 
      615.0000  -1.212295   0.249605  -0.962691 
      620.0000  -1.273152   0.293387  -0.979765 
      625.0000  -1.227594   0.267123  -0.960471 
      630.0000  -1.246010   0.270195  -0.975815 
      635.0000  -1.266422   0.290819  -0.975603 
      640.0000  -1.227465   0.290593  -0.936872 
      645.0000  -1.271578   0.310849  -0.960730 
      650.0000  -1.207353   0.246906  -0.960447 
      655.0000  -1.302121   0.306256  -0.995865 
      660.0000  -1.298237   0.300857  -0.997379 
      665.0000  -1.349315   0.368831  -0.980484 
      670.0000  -1.274720   0.310215  -0.964504 
      675.0000  -1.272968   0.327890  -0.945078 
      680.0000  -1.304489   0.338051  -0.966437 
      685.0000  -1.298179   0.323733  -0.974446 
      690.0000  -1.226016   0.262316  -0.963700 
      695.0000  -1.299630   0.332960  -0.966670 
      700.0000  -1.242144   0.300580  -0.941564 
      705.0000  -1.234146   0.312355  -0.921791 
      710.0000  -1.260161   0.335820  -0.924341 
      715.0000  -1.238128   0.308751  -0.929377 
      720.0000  -1.225090   0.295556  -0.929534 
      725.0000  -1.279635   0.352438  -0.927197 
      730.0000  -1.255428   0.329648  -0.925780 
      735.0000  -1.195861   0.248921  -0.946940 
      740.0000  -1.271701   0.297688  -0.974013 
      745.0000  -1.244516   0.271927  -0.972588 
      750.0000  -1.240943   0.266329  -0.974614 
      755.0000  -1.309258   0.338571  -0.970687 
      760.0000  -1.242342   0.263592  -0.978749 
      765.0000  -1.287897   0.309463  -0.978434 
      770.0000  -1.274780   0.290242  -0.984538 
      775.0000  -1.318334   0.306966  -1.011369 
      780.0000  -1.304948   0.289465  -1.015483 
      785.0000  -1.271267   0.306966  -0.964301 
      790.0000  -1.250037   0.304661  -0.945376 
      795.0000  -1.290511   0.335332  -0.955179 
      800.0000  -1.304783   0.377104  -0.927679 
      805.0000  -1.238356   0.304468  -0.933889 
      810.0000  -1.299700   0.354839  -0.944861 
      815.0000  -1.247447   0.292229  -0.955218 
      820.0000  -1.277727   0.369638  -0.908089 
      825.0000  -1.182533   0.270484  -0.912049 
      830.0000  -1.298845   0.378674  -0.920171 
      835.0000  -1.193900   0.289073  -0.904827 
      840.0000  -1.261688   0.322281  -0.939407 
      845.0000  -1.272875   0.372427  -0.900447 
      850.0000  -1.182502   0.275449  -0.907052 
      855.0000  -1.278876   0.360921  -0.917956 
      860.0000  -1.216879   0.323924  -0.892954 
      865.0000  -1.221058   0.293210  -0.927848 
      870.0000  -1.247357   0.319727  -0.927630 
      875.0000  -1.302432   0.360817  -0.941616 
      880.0000  -1.283583   0.312919  -0.970665 
      885.0000  -1.316020   0.307423  -1.008597 
      890.0000  -1.243668   0.246945  -0.996723 
      895.0000  -1.309769   0.278755  -1.031014 
      900.0000  -1.301646   0.288748  -1.012898 
      905.0000  -1.269592   0.248788  -1.020805 
      910.0000  -1.309328   0.314100  -0.995228 
      915.0000  -1.262662   0.281749  -0.980913 
      920.0000  -1.307096   0.327865  -0.979231 
      925.0000  -1.248676   0.273135  -0.975541 
      930.0000  -1.270578   0.306997  -0.963580 
      935.0000  -1.305224   0.318437  -0.986787 
      940.0000  -1.232505   0.288332  -0.944173 
      945.0000  -1.214230   0.262080  -0.952150 
      950.0000  -1.298364   0.333369  -0.964995 
      955.0000  -1.279877   0.329440  -0.950437 
      960.0000  -1.286295   0.309998  -0.976297 
      965.0000  -1.241143   0.267848  -0.973294 
      970.0000  -1.235682   0.271146  -0.964536 
      975.0000  -1.240781   0.272599  -0.968182 
      980.0000  -1.316498   0.346354  -0.970144 
      985.0000  -1.192992   0.217097  -0.975895 
      990.0000  -1.302819   0.307667  -0.995151 
      995.0000  -1.288033   0.292665  -0.995367 
     1000.0000  -1.286116   0.293782  -0.992334 
     1005.0000  -1.316048   0.331614  -0.984434 
     1010.0000  -1.259815   0.265709  -0.994105 
     1015.0000  -1.276287   0.281651  -0.994636 
     1020.0000  -1.254650   0.318379  -0.936271 
     1025.0000  -1.249270   0.325784  -0.923487 
     1030.0000  -1.263734   0.342661  -0.921074 
     1035.0000  -1.287594   0.390455  -0.897139 
     1040.0000  -1.255514   0.344531  -0.910983 
     1045.0000  -1.283663   0.376012  -0.907651 
     1050.0000  -1.222251   0.315217  -0.907034 
     1055.0000  -1.233564   0.292017  -0.941547 
     1060.0000  -1.309392   0.369570  -0.939822 
     1065.0000  -1.360535   0.416115  -0.944419 
     1070.0000  -1.307188   0.372708  -0.934480 
     1075.0000  -1.268578   0.324350  -0.944228 
     1080.0000  -1.337307   0.379424  -0.957883 
     1085.0000  -1.322138   0.342643  -0.979494 
     1090.0000  -1.277931   0.289604  -0.988327 
     1095.0000  -1.275082   0.284473  -0.990609 
     1100.0000  -1.352249   0.338079  -1.014170 
     1105.0000  -1.327046   0.283198  -1.043848 
     1110.0000  -1.369726   0.292191  -1.077535 
     1115.0000  -1.401146   0.328030  -1.073116 
     1120.0000  -1.317238   0.271385  -1.045853 
     1125.0000  -1.371356   0.270123  -1.101233 
     1130.0000  -1.393944   0.297762  -1.096182 
     1135.0000  -1.410084   0.299778  -1.110307 
     1140.0000  -1.380404   0.255589  -1.124815 
     1145.0000  -1.443862   0.293720  -1.150142 
     1150.0000  -1.415705   0.257239  -1.158466 
     1155.0000  -1.397270   0.234064  -1.163206 
     1160.0000  -1.418875   0.288068  -1.130807 
     1165.0000  -1.407998   0.278348  -1.129651 
     1170.0000  -1.483782   0.320944  -1.162838 
     1175.0000  -1.418187   0.263678  -1.154509 
     1180.0000  -1.487410   0.309829  -1.177580 
     1185.0000  -1.434270   0.239637  -1.194633 
     1190.0000  -1.401965   0.230609  -1.171357 
     1195.0000  -1.415754   0.242810  -1.172944 
     1200.0000  -1.453720   0.276443  -1.177277 
     1205.0000  -1.434039   0.245370  -1.188670 
     1210.0000  -1.436877   0.266400  -1.170478 
     1215.0000  -1.460043   0.277790  -1.182253 
     1220.0000  -1.451609   0.218263  -1.233345 
     1225.0000  -1.463023   0.231182  -1.231841 
     1230.0000  -1.479306   0.222926  -1.256380 
     1235.0000  -1.473069   0.198296  -1.274773 
     1240.0000  -1.488082   0.222397  -1.265685 
     1245.0000  -1.435254   0.190711  -1.244542 
     1250.0000  -1.464047   0.257782  -1.206265 
     1255.0000  -1.506698   0.300406  -1.206292 
     1260.0000  -1.461551   0.250372  -1.211178 
     1265.0000  -1.501220   0.282222  -1.218998 
     1270.0000  -1.447628   0.238758  -1.208870 
     1275.0000  -1.427376   0.230732  -1.196643 
     1280.0000  -1.464565   0.259275  -1.205290 
     1285.0000  -1.451593   0.297941  -1.153651 
     1290.0000  -1.465804   0.306104  -1.159701 
     1295.0000  -1.417066   0.257862  -1.159204 
     1300.0000  -1.458407   0.334287  -1.124120 
     1305.0000  -1.409674   0.278389  -1.131286 
     1310.0000  -1.394763   0.278320  -1.116443 
     1315.0000  -1.381019   0.245435  -1.135584 
     1320.0000  -1.429573   0.282631  -1.146941 
     1325.0000  -1.411651   0.268413  -1.143238 
     1330.0000  -1.435504   0.314351  -1.121153 
     1335.0000  -1.427154   0.297419  -1.129734 
     1340.0000  -1.368912   0.233697  -1.135215 
     1345.0000  -1.393216   0.271339  -1.121878 
     1350.0000  -1.377825   0.295000  -1.082824 
     1355.0000  -1.397078   0.320235  -1.076843 
     1360.0000  -1.375342   0.281153  -1.094189 
     1365.0000  -1.414950   0.325183  -1.089768 
     1370.0000  -1.302974   0.253005  -1.049969 
     1375.0000  -1.390711   0.303904  -1.086807 
     1380.0000  -1.416833   0.332698  -1.084135 
     1385.0000  -1.370314   0.271131  -1.099183 
     1390.0000  -1.399328   0.331079  -1.068249 
     1395.0000  -1.363597   0.307771  -1.055826 
     1400.0000  -1.404639   0.340598  -1.064041 
     1405.0000  -1.322306   0.264542  -1.057763 
     1410.0000  -1.354416   0.291888  -1.062528 
     1415.0000  -1.343694   0.292569  -1.051125 
     1420.0000  -1.396496   0.320076  -1.076420 
     1425.0000  -1.340193   0.268919  -1.071274 
     1430.0000  -1.351619   0.290678  -1.060942 
     1435.0000  -1.354204   0.304020  -1.050184 
     1440.0000  -1.437216   0.374927  -1.062289 
     1445.0000  -1.352525   0.311458  -1.041067 
     1450.0000  -1.349638   0.306790  -1.042849 
     1455.0000  -1.307085   0.285586  -1.021499 
     1460.0000  -1.338339   0.332813  -1.005526 
     1465.0000  -1.305228   0.294299  -1.010929 
     1470.0000  -1.364483   0.320226  -1.044257 
     1475.0000  -1.344723   0.297575  -1.047148 
     1480.0000  -1.391335   0.348885  -1.042450 
     1485.0000  -1.311922   0.255629  -1.056294 
     1490.0000  -1.367548   0.280459  -1.087089 
     1495.0000  -1.372450   0.327767  -1.044683 
     1500.0000  -1.385544   0.318706  -1.066839 
     1505.0000  -1.343833   0.264855  -1.078978 
     1510.0000  -1.405941   0.330853  -1.075088 
     1515.0000  -1.368130   0.300668  -1.067462 
     1520.0000  -1.353048   0.277170  -1.075879 
     1525.0000  -1.356480   0.289721  -1.066759 
     1530.0000  -1.446312   0.365189  -1.081123 
     1535.0000  -1.326511   0.227999  -1.098512 
     1540.0000  -1.425619   0.296703  -1.128916 
     1545.0000  -1.371081   0.242692  -1.128388 
     1550.0000  -1.408301   0.273796  -1.134505 
     1555.0000  -1.407122   0.269613  -1.137508 
     1560.0000  -1.414970   0.270330  -1.144640 
     1565.0000  -1.421607   0.253852  -1.167755 
     1570.0000  -1.444023   0.270294  -1.173728 
     1575.0000  -1.459133   0.269923  -1.189210 
     1580.0000  -1.477026   0.294098  -1.182928 
     1585.0000  -1.445020   0.255146  -1.189875 
     1590.0000  -1.447600   0.260909  -1.186691 
     1595.0000  -1.416015   0.241138  -1.174877 
     1600.0000  -1.435622   0.271650  -1.163973 
     1605.0000  -1.348983   0.212811  -1.136172 
     1610.0000  -1.383120   0.250322  -1.132797 
     1615.0000  -1.430321   0.267779  -1.162542 
     1620.0000  -1.494474   0.322356  -1.172117 
     1625.0000  -1.425897   0.272764  -1.153133 
     1630.0000  -1.438956   0.296282  -1.142674 
     1635.0000  -1.445054   0.294592  -1.150462 
     1640.0000  -1.394360   0.232267  -1.162093 
     1645.0000  -1.404681   0.228748  -1.175933 
     1650.0000  -1.399090   0.224731  -1.174360 
     1655.0000  -1.420448   0.274491  -1.145957 
     1660.0000  -1.420653   0.296640  -1.124012 
     1665.0000  -1.412971   0.258003  -1.154967 
     1670.0000  -1.414081   0.263085  -1.150996 
     1675.0000  -1.431492   0.275934  -1.155558 
     1680.0000  -1.440789   0.288379  -1.152410 
     1685.0000  -1.390089   0.242603  -1.147487 
     1690.0000  -1.468628   0.325143  -1.143485 
     1695.0000  -1.427733   0.299763  -1.127969 
     1700.0000  -1.414834   0.319547  -1.095287 
     1705.0000  -1.396976   0.301000  -1.095976 
     1710.0000  -1.400709   0.323629  -1.077079 
     1715.0000  -1.461486   0.364665  -1.096822 
     1720.0000  -1.426924   0.322465  -1.104459 
     1725.0000  -1.423504   0.287447  -1.136056 
     1730.0000  -1.382284   0.266168  -1.116117 
     1735.0000  -1.417801   0.269123  -1.148678 
     1740.0000  -1.447866   0.278542  -1.169324 
     1745.0000  -1.381624   0.239663  -1.141962 
     1750.0000  -1.429488   0.261813  -1.167674 
     1755.0000  -1.365448   0.187952  -1.177496 
     1760.0000  -1.427749   0.242250  -1.185499 
     1765.0000  -1.444729   0.220583  -1.224146 
     1770.0000  -1.433793   0.213372  -1.220421 
     1775.0000  -1.484066   0.253717  -1.230349 
     1780.0000  -1.479612   0.262864  -1.216747 
     1785.0000  -1.454685   0.251830  -1.202855 
     1790.0000  -1.456777   0.259740  -1.197037 
     1795.0000  -1.466256   0.290344  -1.175912 
     1800.0000  -1.436850   0.265960  -1.170890 
     1805.0000  -1.344007   0.196416  -1.147591 
     1810.0000  -1.437396   0.287552  -1.149845 
     1815.0000  -1.468500   0.320927  -1.147573 
     1820.0000  -1.459115   0.306586  -1.152529 
     1825.0000  -1.408482   0.270934  -1.137548 
     1830.0000  -1.471259   0.336945  -1.134314 
     1835.0000  -1.421100   0.285874  -1.135226 
     1840.0000  -1.444313   0.317969  -1.126344 
     1845.0000  -1.448509   0.285879  -1.162631 
     1850.0000  -1.356812   0.235359  -1.121453 
     1855.0000  -1.445784   0.328733  -1.117050 
     1860.0000  -1.344440   0.222484  -1.121956 
     1865.0000  -1.460979   0.306997  -1.153982 
     1870.0000  -1.433551   0.272813  -1.160739 
     1875.0000  -1.393870   0.240231  -1.153639 
     1880.0000  -1.367411   0.195880  -1.171531 
     1885.0000  -1.420411   0.272508  -1.147902 
     1890.0000  -1.433536   0.289255  -1.144282 
     1895.0000  -1.436606   0.295844  -1.140762 
     1900.0000  -1.398044   0.277789  -1.120255 
     1905.0000  -1.427128   0.299105  -1.128023 
     1910.0000  -1.406760   0.282798  -1.123962 
     1915.0000  -1.397168   0.259154  -1.138014 
     1920.0000  -1.456788   0.285876  -1.170912 
     1925.0000  -1.465622   0.291317  -1.174306 
     1930.0000  -1.444169   0.284507  -1.159662 
     1935.0000  -1.470026   0.261647  -1.208379 
     1940.0000  -1.489808   0.287011  -1.202797 
     1945.0000  -1.481716   0.296014  -1.185701 
     1950.0000  -1.432240   0.251525  -1.180715 
     1955.0000  -1.404417   0.260185  -1.144232 
     1960.0000  -1.482782   0.329469  -1.153313 
     1965.0000  -1.473440   0.297680  -1.175760 
     1970.0000  -1.468294   0.289018  -1.179276 
     1975.0000  -1.402388   0.234101  -1.168287 
     1980.0000  -1.448894   0.293074  -1.155821 
     1985.0000  -1.370168   0.241408  -1.128760 
     1990.0000  -1.361281   0.258477  -1.102804 
     1995.0000  -1.378366   0.279724  -1.098642 
     2000.0000  -1.409394   0.307802  -1.101591 
     2005.0000  -1.424951   0.316314  -1.108637 
     2010.0000  -1.326554   0.240322  -1.086231 
     2015.0000  -1.334781   0.258583  -1.076198 
     2020.0000  -1.315030   0.270085  -1.044945 
     2025.0000  -1.259006   0.214566  -1.044440 
     2030.0000  -1.380939   0.314798  -1.066142 
     2035.0000  -1.350022   0.292543  -1.057479 
     2040.0000  -1.321553   0.284080  -1.037473 
     2045.0000  -1.321207   0.279245  -1.041962 
     2050.0000  -1.354011   0.279704  -1.074307 
     2055.0000  -1.316038   0.251170  -1.064868 
     2060.0000  -1.418812   0.358270  -1.060542 
     2065.0000  -1.363183   0.327856  -1.035328 
     2070.0000  -1.384307   0.358194  -1.026113 
     2075.0000  -1.313678   0.293234  -1.020444 
     2080.0000  -1.298582   0.279636  -1.018946 
     2085.0000  -1.346656   0.308686  -1.037970 
     2090.0000  -1.352136   0.314446  -1.037691 
     2095.0000  -1.378359   0.352670  -1.025689 
     2100.0000  -1.378714   0.339341  -1.039374 
     2105.0000  -1.332506   0.282616  -1.049890 
     2110.0000  -1.335370   0.286896  -1.048473 
     2115.0000  -1.331107   0.319373  -1.011734 
     2120.0000  -1.336653   0.325763  -1.010890 
     2125.0000  -1.418700   0.393050  -1.025651 
     2130.0000  -1.392921   0.389073  -1.003848 
     2135.0000  -1.430101   0.413250  -1.016851 
     2140.0000  -1.303697   0.278671  -1.025026 
     2145.0000  -1.329882   0.327761  -1.002121 
     2150.0000  -1.359531   0.371187  -0.988344 
     2155.0000  -1.314807   0.377772  -0.937034 
     2160.0000  -1.391610   0.482653  -0.908957 
     2165.0000  -1.312791   0.414672  -0.898119 
     2170.0000  -1.251171   0.347643  -0.903529 
     2175.0000  -1.296759   0.375355  -0.921404 
     2180.0000  -1.293128   0.384511  -0.908617 
     2185.0000  -1.352897   0.440155  -0.912743 
     2190.0000  -1.257368   0.337267  -0.920101 
     2195.0000  -1.330166   0.457129  -0.873037 
     2200.0000  -1.290307   0.422459  -0.867848 
     2205.0000  -1.290655   0.424488  -0.866167 
     2210.0000  -1.260758   0.385743  -0.875015 
     2215.0000  -1.226037   0.335008  -0.891029 
     2220.0000  -1.279933   0.406572  -0.873361 
     2225.0000  -1.245082   0.355280  -0.889803 
     2230.0000  -1.320229   0.399282  -0.920947 
     2235.0000  -1.277308   0.330553  -0.946755 
     2240.0000  -1.310734   0.377021  -0.933713 
     2245.0000  -1.330575   0.333460  -0.997115 
     2250.0000  -1.359257   0.387843  -0.971414 
     2255.0000  -1.302964   0.321246  -0.981719 
     2260.0000  -1.260480   0.316033  -0.944446 
     2265.0000  -1.285293   0.348007  -0.937286 
     2270.0000  -1.311431   0.350573  -0.960858 
     2275.0000  -1.328393   0.381327  -0.947066 
     2280.0000  -1.306656   0.333050  -0.973607 
     2285.0000  -1.293404   0.334425  -0.958979 
     2290.0000  -1.413441   0.379052  -1.034389 
     2295.0000  -1.341408   0.309220  -1.032188 
     2300.0000  -1.331964   0.289557  -1.042408 
     2305.0000  -1.361423   0.316696  -1.044727 
     2310.0000  -1.378321   0.316354  -1.061968 
     2315.0000  -1.340588   0.277112  -1.063476 
     2320.0000  -1.353672   0.326272  -1.027400 
     2325.0000  -1.278432   0.245086  -1.033346 
     2330.0000  -1.354634   0.314458  -1.040176 
     2335.0000  -1.342261   0.301364  -1.040897 
     2340.0000  -1.428611   0.389867  -1.038744 
     2345.0000  -1.369081   0.340587  -1.028494 
     2350.0000  -1.310204   0.289147  -1.021056 
     2355.0000  -1.285028   0.260909  -1.024119 
     2360.0000  -1.328413   0.299068  -1.029345 
     2365.0000  -1.413383   0.358568  -1.054815 
     2370.0000  -1.284838   0.253617  -1.031221 
     2375.0000  -1.300986   0.263031  -1.037955 
     2380.0000  -1.290466   0.271415  -1.019051 
     2385.0000  -1.362942   0.359687  -1.003255 
     2390.0000  -1.257942   0.262547  -0.995395 
     2395.0000  -1.357237   0.358596  -0.998641 
     2400.0000  -1.350438   0.343900  -1.006538 
     2405.0000  -1.328017   0.331337  -0.996680 
     2410.0000  -1.343807   0.351545  -0.992262 
     2415.0000  -1.367567   0.394967  -0.972599 
     2420.0000  -1.290787   0.295040  -0.995748 
     2425.0000  -1.396187   0.397888  -0.998298 
     2430.0000  -1.309552   0.307672  -1.001880 
     2435.0000  -1.298478   0.296051  -1.002427 
     2440.0000  -1.392920   0.361726  -1.031194 
     2445.0000  -1.328954   0.294824  -1.034129 
     2450.0000  -1.342408   0.277557  -1.064850 
     2455.0000  -1.381950   0.298889  -1.083061 
     2460.0000  -1.367719   0.295373  -1.072346 
     2465.0000  -1.340400   0.257140  -1.083260 
     2470.0000  -1.403284   0.315566  -1.087718 
     2475.0000  -1.377726   0.293434  -1.084291 
     2480.0000  -1.364776   0.277717  -1.087059 
     2485.0000  -1.384108   0.329969  -1.054140 
     2490.0000  -1.384307   0.369854  -1.014453 
     2495.0000  -1.360777   0.340253  -1.020524 
     2500.0000  -1.360027   0.314297  -1.045730 
     2505.0000  -1.364420   0.350595  -1.013826 
     2510.0000  -1.294544   0.300801  -0.993743 
     2515.0000  -1.286197   0.303735  -0.982462 
     2520.0000  -1.283710   0.315713  -0.967996 
     2525.0000  -1.225843   0.259804  -0.966040 
     2530.0000  -1.377088   0.399227  -0.977860 
     2535.0000  -1.343754   0.371899  -0.971855 
     2540.0000  -1.341360   0.360253  -0.981106 
     2545.0000  -1.315578   0.350227  -0.965351 
     2550.0000  -1.259878   0.320412  -0.939466 
     2555.0000  -1.352485   0.415195  -0.937289 
     2560.0000  -1.273218   0.277192  -0.996026 
     2565.0000  -1.321792   0.314595  -1.007197 
     2570.0000  -1.295252   0.284280  -1.010973 
     2575.0000  -1.343328   0.308370  -1.034958 
     2580.0000  -1.314751   0.268321  -1.046430 
     2585.0000  -1.339675   0.311565  -1.028109 
     2590.0000  -1.380517   0.337035  -1.043482 
     2595.0000  -1.404035   0.334314  -1.069721 
     2600.0000  -1.337101   0.271846  -1.065255 
     2605.0000  -1.361355   0.251630  -1.109725 
     2610.0000  -1.404180   0.306958  -1.097222 
     2615.0000  -1.357679   0.317965  -1.039714 
     2620.0000  -1.341018   0.308688  -1.032330 
     2625.0000  -1.319728   0.260251  -1.059477 
     2630.0000  -1.388260   0.364559  -1.023701 
     2635.0000  -1.308705   0.265238  -1.043467 
     2640.0000  -1.395942   0.347452  -1.048490 
     2645.0000  -1.320670   0.312638  -1.008031 
     2650.0000  -1.322761   0.291125  -1.031635 
     2655.0000  -1.313714   0.293218  -1.020496 
     2660.0000  -1.338291   0.308533  -1.029758 
     2665.0000  -1.316344   0.259616  -1.056728 
     2670.0000  -1.412860   0.334766  -1.078094 
     2675.0000  -1.378464   0.293196  -1.085268 
     2680.0000  -1.418945   0.290216  -1.128728 
     2685.0000  -1.395898   0.258353  -1.137544 
     2690.0000  -1.416051   0.260103  -1.155948 
     2695.0000  -1.351938   0.172340  -1.179598 
     2700.0000  -1.418773   0.228844  -1.189929 
     2705.0000  -1.431130   0.239950  -1.191180 
     2710.0000  -1.434725   0.252678  -1.182046 
     2715.0000  -1.425736   0.242670  -1.183066 
     2720.0000  -1.387952   0.199974  -1.187978 
     2725.0000  -1.491369   0.319019  -1.172350 
     2730.0000  -1.387213   0.234498  -1.152716 
     2735.0000  -1.432061   0.241320  -1.190741 
     2740.0000  -1.422539   0.284896  -1.137643 
     2745.0000  -1.405411   0.252704  -1.152707 
     2750.0000  -1.436782   0.305503  -1.131279 
     2755.0000  -1.370114   0.234574  -1.135540 
     2760.0000  -1.389249   0.222742  -1.166508 
     2765.0000  -1.403501   0.245464  -1.158037 
     2770.0000  -1.387551   0.288332  -1.099218 
     2775.0000  -1.298623   0.175400  -1.123223 
     2780.0000  -1.402009   0.305155  -1.096854 
     2785.0000  -1.410270   0.320793  -1.089478 
     2790.0000  -1.411218   0.335408  -1.075810 
     2795.0000  -1.343160   0.280661  -1.062499 
     2800.0000  -1.310678   0.253211  -1.057467 
     2805.0000  -1.331648   0.288458  -1.043190 
     2810.0000  -1.331723   0.299019  -1.032703 
     2815.0000  -1.316921   0.283330  -1.033592 
     2820.0000  -1.323278   0.287784  -1.035493 
     2825.0000  -1.364060   0.345470  -1.018590 
     2830.0000  -1.269839   0.272010  -0.997829 
     2835.0000  -1.232970   0.282039  -0.950931 
     2840.0000  -1.237645   0.296167  -0.941478 
     2845.0000  -1.195912   0.248470  -0.947442 
     2850.0000  -1.278448   0.296059  -0.982389 
     2855.0000  -1.313915   0.285637  -1.028277 
     2860.0000  -1.273446   0.314206  -0.959240 
     2865.0000  -1.219151   0.258115  -0.961036 
     2870.0000  -1.249264   0.308610  -0.940654 
     2875.0000  -1.211894   0.282267  -0.929626 
     2880.0000  -1.302765   0.343160  -0.959605 
     2885.0000  -1.275185   0.292361  -0.982823 
     2890.0000  -1.250697   0.268256  -0.982441 
     2895.0000  -1.300277   0.313009  -0.987268 
     2900.0000  -1.291490   0.308105  -0.983385 
     2905.0000  -1.299735   0.321051  -0.978684 
     2910.0000  -1.272420   0.288883  -0.983537 
     2915.0000  -1.261987   0.256894  -1.005093 
     2920.0000  -1.249209   0.297988  -0.951222 
     2925.0000  -1.218105   0.279478  -0.938627 
     2930.0000  -1.308503   0.362426  -0.946077 
     2935.0000  -1.254447   0.323424  -0.931023 
     2940.0000  -1.266355   0.341013  -0.925343 
     2945.0000  -1.238332   0.338962  -0.899370 
     2950.0000  -1.298914   0.387487  -0.911427 
     2955.0000  -1.173719   0.265716  -0.908004 
     2960.0000  -1.189396   0.344542  -0.844855 
     2965.0000  -1.169837   0.329823  -0.840014 
     2970.0000  -1.259489   0.419632  -0.839857 
     2975.0000  -1.279736   0.410543  -0.869193 
     2980.0000  -1.213658   0.374083  -0.839575 
     2985.0000  -1.206908   0.361112  -0.845796 
     2990.0000  -1.294333   0.439501  -0.854833 
     2995.0000  -1.202131   0.345001  -0.857130 
     3000.0000  -1.247510   0.367553  -0.879957 
     3005.0000  -1.210950   0.313926  -0.897025 
     3010.0000  -1.249880   0.326342  -0.923538 
     3015.0000  -1.248373   0.316716  -0.931657 
     3020.0000  -1.173900   0.279077  -0.894822 
     3025.0000  -1.240316   0.300690  -0.939625 
     3030.0000  -1.271661   0.332810  -0.938851 
     3035.0000  -1.282258   0.347455  -0.934803 
     3040.0000  -1.298745   0.339471  -0.959274 
     3045.0000  -1.376840   0.391036  -0.985804 
     3050.0000  -1.330387   0.329804  -1.000582 
     3055.0000  -1.366060   0.351973  -1.014086 
     3060.0000  -1.279402   0.270692  -1.008710 
     3065.0000  -1.341937   0.336313  -1.005624 
     3070.0000  -1.357891   0.353912  -1.003979 
     3075.0000  -1.279446   0.276729  -1.002717 
     3080.0000  -1.340729   0.322941  -1.017788 
     3085.0000  -1.346765   0.296980  -1.049785 
     3090.0000  -1.308362   0.267090  -1.041273 
     3095.0000  -1.414466   0.346555  -1.067912 
     3100.0000  -1.383206   0.279238  -1.103967 
     3105.0000  -1.438203   0.322149  -1.116053 
     3110.0000  -1.365213   0.260035  -1.105178 
     3115.0000  -1.416056   0.303277  -1.112779 
     3120.0000  -1.408151   0.276883  -1.131267 
     3125.0000  -1.412344   0.282763  -1.129582 
     3130.0000  -1.401307   0.274280  -1.127027 
     3135.0000  -1.438173   0.328871  -1.109302 
     3140.0000  -1.462713   0.345417  -1.117296 
     3145.0000  -1.430111   0.308534  -1.121577 
     3150.0000  -1.398581   0.248900  -1.149680 
     3155.0000  -1.481591   0.292425  -1.189165 
     3160.0000  -1.412519   0.240998  -1.171521 
     3165.0000  -1.454844   0.306125  -1.148719 
     3170.0000  -1.426862   0.252039  -1.174824 
     3175.0000  -1.405133   0.254166  -1.150967 
     3180.0000  -1.407923   0.275449  -1.132474 
     3185.0000  -1.443600   0.338007  -1.105593 
     3190.0000  -1.404094   0.304037  -1.100057 
     3195.0000  -1.357667   0.297277  -1.060391 
     3200.0000  -1.418163   0.387510  -1.030653 
     3205.0000  -1.286265   0.267366  -1.018899 
     3210.0000  -1.361946   0.365337  -0.996609 
     3215.0000  -1.314169   0.308566  -1.005602 
     3220.0000  -1.277107   0.290215  -0.986891 
     3225.0000  -1.265163   0.296948  -0.968215 
     3230.0000  -1.253444   0.290984  -0.962460 
     3235.0000  -1.285532   0.299193  -0.986340 
     3240.0000  -1.311474   0.321033  -0.990441 
     3245.0000  -1.384563   0.413343  -0.971220 
     3250.0000  -1.320249   0.329672  -0.990577 
     3255.0000  -1.334508   0.347643  -0.986866 
     3260.0000  -1.298686   0.323420  -0.975266 
     3265.0000  -1.320918   0.319805  -1.001114 
     3270.0000  -1.340020   0.333531  -1.006489 
     3275.0000  -1.275180   0.268703  -1.006477 
     3280.0000  -1.298062   0.254592  -1.043470 
     3285.0000  -1.371582   0.313909  -1.057673 
     3290.0000  -1.317071   0.256594  -1.060477 
     3295.0000  -1.413300   0.346154  -1.067146 
     3300.0000  -1.378772   0.315626  -1.063146 
     3305.0000  -1.403171   0.331778  -1.071393 
     3310.0000  -1.348327   0.287095  -1.061231 
     3315.0000  -1.355911   0.279354  -1.076556 
     3320.0000  -1.348194   0.277662  -1.070532 
     3325.0000  -1.426325   0.351752  -1.074573 
     3330.0000  -1.449814   0.349831  -1.099983 
     3335.0000  -1.390279   0.290784  -1.099495 
     3340.0000  -1.426012   0.295868  -1.130143 
     3345.0000  -1.481543   0.317157  -1.164385 
     3350.0000  -1.465824   0.290816  -1.175009 
     3355.0000  -1.411410   0.234070  -1.177340 
     3360.0000  -1.455175   0.284677  -1.170499 
     3365.0000  -1.448971   0.314586  -1.134385 
     3370.0000  -1.372174   0.223500  -1.148675 
     3375.0000  -1.426289   0.270752  -1.155537 
     3380.0000  -1.405365   0.226435  -1.178930 
     3385.0000  -1.432396   0.271547  -1.160849 
     3390.0000  -1.460070   0.308160  -1.151911 
     3395.0000  -1.462282   0.308234  -1.154048 
     3400.0000  -1.421941   0.259513  -1.162428 
     3405.0000  -1.410595   0.248382  -1.162213 
     3410.0000  -1.364966   0.236440  -1.128526 
     3415.0000  -1.402162   0.271365  -1.130798 
     3420.0000  -1.373478   0.236187  -1.137291 
     3425.0000  -1.431645   0.298711  -1.132934 
     3430.0000  -1.420600   0.285858  -1.134742 
     3435.0000  -1.365434   0.218721  -1.146713 
     3440.0000  -1.340942   0.206101  -1.134841 
     3445.0000  -1.471975   0.330509  -1.141466 
     3450.0000  -1.478423   0.337102  -1.141320 
     3455.0000  -1.406831   0.286388  -1.120442 
     3460.0000  -1.381013   0.286745  -1.094269 
     3465.0000  -1.374058   0.270563  -1.103495 
     3470.0000  -1.351603   0.234927  -1.116676 
     3475.0000  -1.385119   0.264244  -1.120875 
     3480.0000  -1.397339   0.264354  -1.132985 
     3485.0000  -1.433963   0.307105  -1.126859 
     3490.0000  -1.378678   0.252959  -1.125719 
     3495.0000  -1.422886   0.298216  -1.124669 
     3500.0000  -1.374401   0.256388  -1.118013 
     3505.0000  -1.336951   0.219484  -1.117468 
     3510.0000  -1.422005   0.324760  -1.097246 
     3515.0000  -1.420380   0.333429  -1.086950 
     3520.0000  -1.388530   0.299364  -1.089166 
     3525.0000  -1.357762   0.271373  -1.086390 
     3530.0000  -1.369879   0.264873  -1.105006 
     3535.0000  -1.454662   0.331602  -1.123060 
     3540.0000  -1.428785   0.338741  -1.090045 
     3545.0000  -1.418592   0.327535  -1.091057 
     3550.0000  -1.430419   0.343100  -1.087320 
     3555.0000  -1.353988   0.263376  -1.090613 
     3560.0000  -1.386971   0.304241  -1.082730 
     3565.0000  -1.370481   0.278676  -1.091805 
     3570.0000  -1.437549   0.306631  -1.130917 
     3575.0000  -1.400214   0.267563  -1.132651 
     3580.0000  -1.364265   0.271993  -1.092272 
     3585.0000  -1.362591   0.311210  -1.051381 
     3590.0000  -1.383985   0.340062  -1.043923 
     3595.0000  -1.334029   0.285370  -1.048659 
     3600.0000  -1.429662   0.377093  -1.052570 
     3605.0000  -1.471989   0.428496  -1.043493 
     3610.0000  -1.277514   0.243663  -1.033850 
     3615.0000  -1.340002   0.286690  -1.053312 
     3620.0000  -1.336886   0.272139  -1.064747 
     3625.0000  -1.363311   0.316612  -1.046698 
     3630.0000  -1.353013   0.290910  -1.062103 
     3635.0000  -1.289950   0.270738  -1.019211 
     3640.0000  -1.287813   0.294371  -0.993442 
     3645.0000  -1.315386   0.337733  -0.977653 
     3650.0000  -1.331316   0.353446  -0.977871 
     3655.0000  -1.324876   0.362069  -0.962807 
     3660.0000  -1.331001   0.367233  -0.963768 
     3665.0000  -1.268009   0.306281  -0.961728 
     3670.0000  -1.319580   0.351825  -0.967755 
     3675.0000  -1.306589   0.335858  -0.970731 
     3680.0000  -1.320080   0.342583  -0.977497 
     3685.0000  -1.327336   0.356429  -0.970907 
     3690.0000  -1.331243   0.347904  -0.983339 
     3695.0000  -1.264155   0.270701  -0.993454 
     3700.0000  -1.313771   0.311476  -1.002295 
     3705.0000  -1.348136   0.355663  -0.992473 
     3710.0000  -1.340875   0.351172  -0.989704 
     3715.0000  -1.328602   0.330019  -0.998583 
     3720.0000  -1.305183   0.305882  -0.999301 
     3725.0000  -1.292306   0.321847  -0.970460 
     3730.0000  -1.336158   0.349089  -0.987069 
     3735.0000  -1.339499   0.334360  -1.005138 
     3740.0000  -1.284326   0.297988  -0.986338 
     3745.0000  -1.298249   0.289114  -1.009135 
     3750.0000  -1.347475   0.351413  -0.996062 
     3755.0000  -1.348210   0.368175  -0.980036 
     3760.0000  -1.342972   0.348276  -0.994697 
     3765.0000  -1.320788   0.303124  -1.017664 
     3770.0000  -1.369867   0.315083  -1.054784 
     3775.0000  -1.409867   0.330340  -1.079527 
     3780.0000  -1.416787   0.302588  -1.114199 
     3785.0000  -1.391033   0.275276  -1.115757 
     3790.0000  -1.391292   0.271365  -1.119928 
     3795.0000  -1.406925   0.296689  -1.110236 
     3800.0000  -1.421569   0.300431  -1.121138 
     3805.0000  -1.407026   0.288652  -1.118374 
     3810.0000  -1.422680   0.288118  -1.134562 
     3815.0000  -1.409918   0.265317  -1.144601 
     3820.0000  -1.422064   0.291691  -1.130373 
     3825.0000  -1.418723   0.258589  -1.160134 
     3830.0000  -1.480902   0.305051  -1.175851 
     3835.0000  -1.416576   0.301303  -1.115273 
     3840.0000  -1.408784   0.288791  -1.119993 
     3845.0000  -1.453793   0.323197  -1.130596 
     3850.0000  -1.425367   0.284884  -1.140483 
     3855.0000  -1.435509   0.251382  -1.184127 
     3860.0000  -1.415956   0.221884  -1.194072 
     3865.0000  -1.453437   0.250867  -1.202570 
     3870.0000  -1.483544   0.285309  -1.198235 
     3875.0000  -1.458944   0.224074  -1.234869 
     3880.0000  -1.423840   0.181628  -1.242212 
     3885.0000  -1.450375   0.204419  -1.245956 
     3890.0000  -1.409233   0.185909  -1.223324 
     3895.0000  -1.464451   0.245137  -1.219314 
     3900.0000  -1.466282   0.281816  -1.184466 
     3905.0000  -1.447795   0.251692  -1.196102 
     3910.0000  -1.436973   0.261555  -1.175418 
     3915.0000  -1.395129   0.241517  -1.153611 
     3920.0000  -1.422616   0.275875  -1.146741 
     3925.0000  -1.387096   0.239929  -1.147167 
     3930.0000  -1.421337   0.258947  -1.162391 
     3935.0000  -1.375291   0.258033  -1.117259 
     3940.0000  -1.381302   0.276870  -1.104432 
     3945.0000  -1.400412   0.302614  -1.097798 
     3950.0000  -1.367968   0.288489  -1.079479 
     3955.0000  -1.335015   0.264001  -1.071014 
     3960.0000  -1.341250   0.290449  -1.050801 
     3965.0000  -1.418400   0.376289  -1.042111 
     3970.0000  -1.414702   0.367477  -1.047224 
     3975.0000  -1.372892   0.276172  -1.096720 
     3980.0000  -1.414324   0.256754  -1.157570 
     3985.0000  -1.365968   0.233267  -1.132701 
     3990.0000  -1.412835   0.284099  -1.128736 
     3995.0000  -1.405808   0.275284  -1.130524 
     4000.0000  -1.394632   0.259152  -1.135480 
     4005.0000  -1.385459   0.258543  -1.126916 
     4010.0000  -1.392575   0.276639  -1.115936 
     4015.0000  -1.419449   0.320896  -1.098552 
     4020.0000  -1.397073   0.303984  -1.093089 
     4025.0000  -1.406071   0.310805  -1.095266 
     4030.0000  -1.419178   0.327700  -1.091478 
     4035.0000  -1.382140   0.298028  -1.084111 
     4040.0000  -1.344188   0.256966  -1.087223 
     4045.0000  -1.418940   0.338940  -1.080000 
     4050.0000  -1.368135   0.293413  -1.074722 
     4055.0000  -1.381760   0.298393  -1.083367 
     4060.0000  -1.406895   0.315594  -1.091300 
     4065.0000  -1.398684   0.313189  -1.085495 
     4070.0000  -1.422161   0.361830  -1.060331 
     4075.0000  -1.390262   0.329846  -1.060416 
     4080.0000  -1.397364   0.303042  -1.094321 
     4085.0000  -1.450765   0.339563  -1.111202 
     4090.0000  -1.405768   0.326378  -1.079390 
     4095.0000  -1.391540   0.296375  -1.095164 
     4100.0000  -1.348297   0.235993  -1.112304 
     4105.0000  -1.350933   0.269546  -1.081387 
     4110.0000  -1.367289   0.268500  -1.098788 
     4115.0000  -1.390403   0.296911  -1.093492 
     4120.0000  -1.410150   0.298369  -1.111781 
     4125.0000  -1.435737   0.317372  -1.118365 
     4130.0000  -1.413197   0.294832  -1.118365 
     4135.0000  -1.445296   0.343154  -1.102142 
     4140.0000  -1.442488   0.334955  -1.107533 
     4145.0000  -1.381359   0.305364  -1.075996 
     4150.0000  -1.298743   0.240001  -1.058742 
     4155.0000  -1.317272   0.254014  -1.063257 
     4160.0000  -1.357340   0.275968  -1.081372 
     4165.0000  -1.350370   0.281542  -1.068829 
     4170.0000  -1.356581   0.285527  -1.071054 
     4175.0000  -1.381818   0.272376  -1.109443 
     4180.0000  -1.443327   0.318477  -1.124850 
     4185.0000  -1.430802   0.304069  -1.126734 
     4190.0000  -1.351005   0.236682  -1.114323 
     4195.0000  -1.401392   0.285280  -1.116112 
     4200.0000  -1.440763   0.303669  -1.137094 
     4205.0000  -1.423584   0.317775  -1.105810 
     4210.0000  -1.378846   0.308177  -1.070669 
     4215.0000  -1.370899   0.271920  -1.098980 
     4220.0000  -1.371355   0.259870  -1.111485 
     4225.0000  -1.358512   0.268909  -1.089602 
     4230.0000  -1.382036   0.300511  -1.081525 
     4235.0000  -1.409744   0.330965  -1.078779 
     4240.0000  -1.378400   0.308320  -1.070080 
     4245.0000  -1.392397   0.323665  -1.068732 
     4250.0000  -1.435328   0.313672  -1.121656 
     4255.0000  -1.415294   0.285609  -1.129685 
     4260.0000  -1.390258   0.241284  -1.148974 
     4265.0000  -1.429296   0.287405  -1.141891 
     4270.0000  -1.406727   0.259428  -1.147299 
     4275.0000  -1.399242   0.266872  -1.132370 
     4280.0000  -1.428751   0.274066  -1.154685 
     4285.0000  -1.403638   0.288186  -1.115452 
     4290.0000  -1.416358   0.277680  -1.138677 
     4295.0000  -1.443560   0.299121  -1.144439 
     4300.0000  -1.379484   0.235706  -1.143778 
     4305.0000  -1.462289   0.317928  -1.144361 
     4310.0000  -1.381203   0.230879  -1.150324 
     4315.0000  -1.430057   0.261955  -1.168102 
     4320.0000  -1.460108   0.294401  -1.165708 
     4325.0000  -1.475818   0.288934  -1.186885 
     4330.0000  -1.455701   0.267570  -1.188131 
     4335.0000  -1.473773   0.283044  -1.190729 
     4340.0000  -1.418393   0.224561  -1.193832 
     4345.0000  -1.436627   0.266028  -1.170599 
     4350.0000  -1.416306   0.265244  -1.151062 
     4355.0000  -1.396255   0.291087  -1.105168 
     4360.0000  -1.409171   0.319317  -1.089854 
     4365.0000  -1.384330   0.283386  -1.100945 
     4370.0000  -1.409085   0.271210  -1.137875 
     4375.0000  -1.430177   0.292038  -1.138139 
     4380.0000  -1.420008   0.276453  -1.143554 
     4385.0000  -1.409863   0.265626  -1.144237 
     4390.0000  -1.427754   0.300310  -1.127444 
     4395.0000  -1.376995   0.253009  -1.123986 
     4400.0000  -1.441006   0.295221  -1.145786 
     4405.0000  -1.426934   0.270974  -1.155959 
     4410.0000  -1.477530   0.322601  -1.154929 
     4415.0000  -1.426413   0.278505  -1.147908 
     4420.0000  -1.384891   0.227893  -1.156998 
     4425.0000  -1.447339   0.286296  -1.161043 
     4430.0000  -1.437952   0.298603  -1.139349 
     4435.0000  -1.417013   0.300221  -1.116792 
     4440.0000  -1.433011   0.292472  -1.140538 
     4445.0000  -1.406847   0.281936  -1.124911 
     4450.0000  -1.344627   0.232893  -1.111734 
     4455.0000  -1.366651   0.287820  -1.078831 
     4460.0000  -1.385369   0.305371  -1.079998 
     4465.0000  -1.429085   0.347479  -1.081606 
     4470.0000  -1.341868   0.248547  -1.093321 
     4475.0000  -1.392473   0.289256  -1.103217 
     4480.0000  -1.409279   0.306557  -1.102721 
     4485.0000  -1.417805   0.279552  -1.138253 
     4490.0000  -1.377370   0.228989  -1.148380 
     4495.0000  -1.380451   0.286525  -1.093926 
     4500.0000  -1.454823   0.339025  -1.115798 
     4505.0000  -1.459481   0.343183  -1.116297 
     4510.0000  -1.412945   0.329393  -1.083552 
     4515.0000  -1.347214   0.266928  -1.080286 
     4520.0000  -1.407437   0.328446  -1.078991 
     4525.0000  -1.447879   0.370116  -1.077763 
     4530.0000  -1.380239   0.294239  -1.085999 
     4535.0000  -1.360665   0.260517  -1.100148 
     4540.0000  -1.340613   0.246524  -1.094088 
     4545.0000  -1.390303   0.302901  -1.087402 
     4550.0000  -1.383233   0.304472  -1.078762 
     4555.0000  -1.436744   0.295420  -1.141324 
     4560.0000  -1.416991   0.295440  -1.121552 
     4565.0000  -1.358629   0.253233  -1.105396 
     4570.0000  -1.462356   0.358980  -1.103376 
     4575.0000  -1.446604   0.351535  -1.095069 
     4580.0000  -1.377705   0.285971  -1.091735 
     4585.0000  -1.400638   0.327621  -1.073017 
     4590.0000  -1.337473   0.259704  -1.077769 
     4595.0000  -1.275320   0.223213  -1.052107 
     4600.0000  -1.326622   0.259084  -1.067537 
     4605.0000  -1.423789   0.311739  -1.112050 
     4610.0000  -1.407442   0.271289  -1.136153 
     4615.0000  -1.429926   0.277420  -1.152506 
     4620.0000  -1.431386   0.261229  -1.170158 
     4625.0000  -1.421532   0.227450  -1.194082 
     4630.0000  -1.451163   0.265874  -1.185289 
     4635.0000  -1.475932   0.298362  -1.177570 
     4640.0000  -1.433672   0.260969  -1.172703 
     4645.0000  -1.438195   0.271519  -1.166676 
     4650.0000  -1.409516   0.262581  -1.146935 
     4655.0000  -1.407316   0.276951  -1.130365 
     4660.0000  -1.466083   0.355348  -1.110735 
     4665.0000  -1.405839   0.322842  -1.082997 
     4670.0000  -1.334368   0.263568  -1.070800 
     4675.0000  -1.375755   0.316280  -1.059476 
     4680.0000  -1.434582   0.371304  -1.063279 
     4685.0000  -1.330645   0.274862  -1.055783 
     4690.0000  -1.398542   0.342751  -1.055791 
     4695.0000  -1.358042   0.304576  -1.053466 
     4700.0000  -1.329275   0.278650  -1.050625 
     4705.0000  -1.354291   0.327998  -1.026293 
     4710.0000  -1.383617   0.372895  -1.010723 
     4715.0000  -1.315011   0.292768  -1.022244 
     4720.0000  -1.382727   0.340955  -1.041772 
     4725.0000  -1.339975   0.282417  -1.057558 
     4730.0000  -1.391219   0.328777  -1.062441 
     4735.0000  -1.369144   0.268747  -1.100397 
     4740.0000  -1.410301   0.336280  -1.074021 
     4745.0000  -1.390832   0.296482  -1.094350 
     4750.0000  -1.417323   0.322295  -1.095028 
     4755.0000  -1.393092   0.261661  -1.131430 
     4760.0000  -1.427340   0.261761  -1.165578 
     4765.0000  -1.400149   0.285282  -1.114866 
     4770.0000  -1.453967   0.345377  -1.108590 
     4775.0000  -1.398204   0.289729  -1.108475 
     4780.0000  -1.417514   0.310529  -1.106985 
     4785.0000  -1.375374   0.256973  -1.118401 
     4790.0000  -1.361665   0.285067  -1.076598 
     4795.0000  -1.389954   0.312161  -1.077793 
     4800.0000  -1.366712   0.292919  -1.073792 
     4805.0000  -1.405104   0.323336  -1.081768 
     4810.0000  -1.368146   0.287971  -1.080176 
     4815.0000  -1.433068   0.315943  -1.117125 
     4820.0000  -1.356823   0.271185  -1.085637 
     4825.0000  -1.416626   0.332161  -1.084465 
     4830.0000  -1.384543   0.318808  -1.065736 
     4835.0000  -1.368113   0.304374  -1.063739 
     4840.0000  -1.327767   0.248989  -1.078778 
     4845.0000  -1.364535   0.312587  -1.051947 
     4850.0000  -1.365169   0.304699  -1.060470 
     4855.0000  -1.368079   0.302816  -1.065263 
     4860.0000  -1.407654   0.333033  -1.074621 
     4865.0000  -1.422105   0.334277  -1.087828 
     4870.0000  -1.373175   0.269196  -1.103979 
     4875.0000  -1.407521   0.332791  -1.074730 
     4880.0000  -1.301849   0.226673  -1.075176 
     4885.0000  -1.326122   0.276886  -1.049235 
     4890.0000  -1.368064   0.298030  -1.070034 
     4895.0000  -1.358120   0.271167  -1.086953 
     4900.0000  -1.356980   0.261313  -1.095667 
     4905.0000  -1.431520   0.325158  -1.106362 
     4910.0000  -1.384101   0.259383  -1.124718 
     4915.0000  -1.407915   0.292344  -1.115571 
     4920.0000  -1.433815   0.283069  -1.150745 
     4925.0000  -1.433338   0.289220  -1.144118 
     4930.0000  -1.424785   0.294771  -1.130014 
     4935.0000  -1.430620   0.281612  -1.149008 
     4940.0000  -1.407389   0.301292  -1.106097 
     4945.0000  -1.466029   0.358534  -1.107496 
     4950.0000  -1.404483   0.267900  -1.136583 
     4955.0000  -1.430698   0.279523  -1.151175 
     4960.0000  -1.373837   0.247427  -1.126410 
     4965.0000  -1.380309   0.276089  -1.104220 
     4970.0000  -1.324368   0.227574  -1.096794 
     4975.0000  -1.371739   0.279652  -1.092086 
     4980.0000  -1.437308   0.330284  -1.107024 
     4985.0000  -1.387280   0.280859  -1.106420 
     4990.0000  -1.335144   0.217861  -1.117283 
     4995.0000  -1.430326   0.294647  -1.135679 
     5000.0000  -1.429445   0.271128  -1.158317 
