t = 100000
b = 20 20 20
E = -0.901076392908418 -1.24576665894985 0.344690266041433
-9.1048120525817 47.7496562649413 -2.17566454942352 -0.674111746020914 0.738555152378521 -0.0104709489439992 -0.684172130640678 -0.629690831729483 -0.367964607116511 0.1611513287993 0.29537369609892 0.0988966397737823 -0.590971784869936 0.253545070974273 -0.32380663212906
-9.58407348513358 47.4706272984181 -2.16115179386568 -0.168109642916856 0.816305176179622 -0.552616510159382 -0.707629207933892 -0.490218721590654 -0.508867869963223 0.033047082799752 0.0309258973334521 0.114623809529832 -0.11336827915987 -0.386252579906284 0.0686229188190405
-10.1374692609309 47.42084883404 -2.26169071161456 0.379106118823842 0.496200847786485 -0.781065470576135 -0.676343596700797 -0.427480281573997 -0.599849937957197 -0.385469634558197 0.256679734862282 0.428640384232771 -0.276544842342469 0.185130439783336 0.0901024862765186
-10.6005335827707 47.4894509855335 -2.58706893478794 0.739252915819358 -0.0416620932087924 -0.672137929626086 -0.637534936370806 -0.364793132258217 -0.678583211967341 0.605965617445757 0.366022929133366 -0.0952144914917551 -0.609300194727426 0.611743113232066 -0.111499824410356
-10.8396143795857 47.5032495751392 -3.15280718953296 0.92826520415696 -0.320130890863316 -0.189314350925858 -0.326390162004243 -0.45716108639089 -0.827328957088238 0.365250665858204 0.0514156229776018 -0.126091274419457 0.619048631074572 -0.0229312919451986 0.563599241523123
-10.7790687452591 47.47988846325 -3.65132694445534 0.543085521883239 -0.801892049767575 0.249052718194982 -0.408482023171279 -0.511451042666593 -0.756016049896523 -0.0496352472717127 -0.721332011983799 -0.245533857262906 0.521657028601888 -0.411815300949597 0.198232750538666
-10.6838413140385 47.2515890979779 -4.21082022997211 0.110665270072158 -0.806902080678738 0.580226016476521 -0.459672364698965 -0.559170739485224 -0.689948839578458 0.430420756672856 -0.0792394953677681 0.151522863494197 0.594205099835557 -0.492866945784782 0.461538331043269
-10.0976489812046 47.3091769971514 -4.07169642823492 0.391770537513987 -0.898490594683416 -0.198066900822499 -0.919989625288761 -0.37983641242848 -0.0966612081163285 -0.0587115126545275 -0.233801506936601 0.218724679785907 -0.313681521447401 0.00673095680352118 0.0250565034795887
-10.9409145655202 46.085402218809 -3.83079595279425 0.0568951042901054 0.976454981378813 -0.208083195977817 0.510873194466939 0.150593443303174 0.84636292097968 -0.357472774770931 0.37530031356038 0.836259892970559 0.422889436410534 0.184457676059903 0.404562588717496
-10.6650969999731 46.321461269902 -3.46077709008338 0.11063523252133 0.736834721997705 -0.666959097534146 0.603859567439736 0.483168579785876 0.633957211741663 0.265963344217859 -0.200183662331607 -0.261354268100491 0.27117916422053 0.00573757175046329 0.146095965831853
-10.1779985459504 46.5149177063328 -3.37176674982882 -0.521073171215189 0.835137779210566 -0.176146643382684 0.611190292453757 0.509156045641617 0.605975698850126 0.593180709419871 -0.0486362290318876 0.0332448751569753 0.149719825527003 -0.073378787090815 -0.284599501290987
-9.80221083233785 46.9140171210533 -3.30514591586585 -0.817603178442266 0.570576915591126 0.0772465274019686 0.519970756883616 0.674055982206777 0.52467032014124 0.441250654647169 0.0239511251149288 -0.156626200559591 0.414130500350374 0.0768070169589355 0.404780133860831
-9.71855387348839 47.424984799781 -3.40583917495233 -0.743992337030231 0.00703357562690938 0.668151129052521 0.410306608811293 0.794025799373115 0.448521478522088 -0.0673162117511073 0.511258686035953 -0.201547549763662 -0.0783177834956507 -0.079015508584428 -0.454644170859134
-9.71898231279412 47.9847495039595 -3.27222371574463 -0.374367120942052 -0.452890450388803 0.809159748568982 0.386520699865866 0.716978114528547 0.580124238299309 -0.540788809305035 0.0934926521809539 -0.195924204752221 0.0175287276253407 -0.433725576775955 -0.232876460577101
-9.82991019143947 48.4235518462415 -2.90490566854386 0.120849135858009 -0.682537398115887 0.720789973942169 0.300561594364543 0.717187201475054 0.628733048306993 0.521190455760948 0.0527557072409579 0.393177795411409 -0.147038453679638 -0.173946406125564 -0.532900915461805
-9.86086807502743 48.6990159130635 -2.36438429198325 0.643568929486497 -0.733976010562132 0.217021309826707 0.282721017821632 0.491457922368227 0.823734141955658 -0.502441917804262 -0.0348075707288519 0.00576794816479719 0.550287272544379 0.415254037566583 -0.173794008393453
t = 200000
b = 20 20 20
E = -0.992333838874071 -1.28611579934806 0.293781960473985
2.62676166097058 67.948472364382 10.4988495963375 -0.575408900994384 0.379583459336354 0.72444530094046 0.0834065820898202 -0.853922545523947 0.513672685968379 0.000851459451404152 0.12845153562831 0.178704636003126 0.177197505851564 0.207396350679643 -0.0836263544591912
2.79999762238311 67.7761885862532 10.9586594397724 -0.976649869894404 0.0875329406273299 0.196196370864432 0.0841382103056098 -0.684441423129663 0.72419658924273 0.69015121509088 0.11064880743219 -0.372619081185919 -0.0909745476357475 -0.295831474047283 0.0536865918111814
2.79278418851937 67.720597015283 11.4833856166208 -0.959525562786187 -0.242439142491983 -0.143296742976126 0.0299987814538895 -0.593921875836645 0.803963232065985 -0.260824330931669 0.378754939259327 -0.792749548749308 -0.045097569690486 0.373051320240519 -0.218458227189162
2.6624986702443 67.6427257362925 11.9677058443255 -0.57597476031417 -0.60055037040511 -0.554610068505157 -0.00706710313610797 -0.674765658679501 0.737998212680781 -0.635899802919468 -0.218200062196179 -0.311357261589597 0.0556194114623584 -0.396329733668922 -0.18511314278388
2.3411112231433 67.365624063314 12.3447113511545 0.0652125017378418 -0.696823627928286 -0.714271769831335 0.160290427231072 -0.699185351623861 0.696740140233591 0.0951048993690787 0.186401618134162 -0.561399587878697 0.53398138668856 -0.102450354467736 -0.0338249777899534
2.18406814701891 66.9012205455211 12.6880443568288 0.584001980267299 -0.276185887757883 -0.763323681309083 0.34266296702642 -0.768577478793486 0.540250636390326 -0.249104799042654 -0.0605897132206466 -0.242413745910334 -0.503684858985829 0.335955614637959 -0.0505848478416712
2.23691809698988 66.3831629210988 12.8270316783259 0.806555068448932 0.19264127009042 -0.55889020622771 0.512509418439139 -0.699042864940892 0.498671403818584 0.567163500646676 0.0189390815730299 -0.157847666757486 -0.285568547690538 0.261453804729273 -0.0604677609936742
2.53367290757702 66.0562036671838 12.6972537581005 0.719270211336877 0.511856731649417 0.469737213076176 0.375301725107699 -0.855272321603667 0.357292416697924 -0.193445542109493 0.325668223803051 -0.0110133010475062 -0.0975326516026956 0.415906513747946 0.17183331071213
3.96564381344806 66.5534790501966 11.4204077624393 -0.352264953181724 -0.929325912857064 -0.11073730379742 0.261149495419551 0.0160180681759085 -0.965165458630793 -0.381342670243934 0.365031869281696 0.393504120089902 -0.191106559087855 -0.777055501479412 -0.493607731389856
3.24106980253882 66.4361081295846 12.1238228001401 -0.870851049712914 -0.0557575301272425 0.488374392293491 -0.315180149548514 0.82576028833026 -0.467740761049707 -0.209663894893574 -0.34177447037636 -0.063878752806077 0.03003363842029 0.484825852668825 -0.297056814494733
2.86269496518464 66.5115831587256 11.7341093648984 -0.446925808968219 0.345151091508917 0.825304819632304 -0.408178202635645 0.742254807947448 -0.53145870486052 -0.140266930264738 -0.0599388692958368 0.455618844115117 -0.0731430504071037 0.157945269463865 0.0412463671358704
2.37465106811755 66.6108223903327 11.4181188197225 -0.0174085767736559 0.584737426061481 0.811035809331307 -0.377569658142472 0.747254179595841 -0.546856785938208 -0.226417634249553 -0.0806623036285292 0.18096312692332 0.18793318674531 -0.379377149709741 0.0778465469849822
1.92028475082421 66.8996917965638 11.3344232792926 0.617505709831706 0.592153633248311 0.517726542642035 -0.201686898426538 0.755406522174308 -0.623444770015449 0.156146110427638 -0.0349521130644554 0.719932535960557 -0.464498031936068 -0.463863414235829 -0.112216173279253
1.66273389137189 67.4293199646289 11.2322975755449 0.90736022314151 0.295933818334129 0.298530736485803 -0.0688678041758591 0.80524808904292 -0.588925072178708 0.225275118870001 0.0553417460629611 0.559466262213451 -0.0702023402075808 0.466570950501974 0.0547106714864811
1.6986324509059 67.957407607333 11.3236324193336 0.927684254979753 -0.126480227853897 -0.35129001554939 -0.0114272972182383 0.930814842309728 -0.365312395374499 -0.0723484202206009 -0.115266120254811 -0.228810013569342 0.15041965838303 -0.35175692849256 -0.0210611548431709
1.93701616427325 68.419802526858 11.3602815548967 0.449921646859557 -0.34398151715438 -0.824164563387294 0.0444760675828386 0.930331580690553 -0.364012402786218 0.28628688598291 0.624554508201448 -0.350829662714883 0.0829035229880642 0.0408959454754831 0.144887712775105
t = 300000
b = 20 20 20
E = -1.0668386288308 -1.38554429322569 0.318705664394885
-4.77925090323236 64.6777098554446 30.8785158658758 -0.230913204850953 0.0659653413949218 -0.970735631137623 -0.158818084379582 0.981762668728626 0.104493436946354 -0.764436936057344 0.670808954784496 0.0846168204644502 -0.502983302582081 0.230756197934021 -0.0878656728260464
-4.68978725315698 65.1677460255149 30.8577258936313 -0.579852374708659 -0.139158213884693 -0.802749160730251 -0.285074768986159 0.957674283513409 0.0399041700149003 0.581892326814335 0.177545286261079 -0.467573814462575 -0.182552432135354 0.178523344802378 0.625653606446295
-4.66655430113918 65.6177113886401 30.5492788487867 -0.986833106633861 -0.113499649343727 -0.115231285900007 -0.14231978474909 0.947835102897186 0.285225694117524 -0.0121821761845137 -0.044005740744371 -0.474559777917908 0.0998029194304182 0.0852585891090024 -0.480906369556397
-4.90501899911665 66.1614227313677 30.5437793223298 -0.814570963266933 -0.533305075850555 0.228166259281359 -0.496371109480524 0.844388842841152 0.201551987731271 0.271428716763406 -0.434534974325869 -0.534026006182418 0.373154514688085 0.301837108073854 0.33629141664371
-5.29122705168654 66.5363480386117 30.4724000606098 -0.506662152956987 -0.666316557223513 0.54709753091276 -0.638705047846822 0.716333215085555 0.280931640831298 -0.1861874091183 0.00493416793314968 0.239701064842132 -0.430659560979139 -0.691415470368999 0.279029949843246
-5.79683701856644 66.6703476330409 30.3613855728472 -0.0225497104040801 -0.338892737115634 0.940554742314871 -0.644061620529278 0.724477156107409 0.245596171060856 0.311237018208597 0.15896681459941 -0.590331276076937 -0.100543864769747 -0.0745843581488944 -0.275632071706408
-6.30451606582987 66.7985648901581 30.5365105203048 0.542862300703153 0.0584479523422222 0.83778538978804 -0.685622755280703 0.606943464916036 0.401921718543536 -0.350951036366275 -0.162045171458819 -0.288639076137644 -0.168210557124101 -0.107915118851229 0.842297105617718
-6.65488437420554 67.0389030478459 30.8832112461532 0.828252760668938 0.218301505321026 0.516083149520338 -0.45344513238537 0.802207514494217 0.38839492221834 -0.299974425091348 -0.406864584125119 0.211158873601085 -0.155060799670186 0.0135671982853135 -0.135653728405851
-5.64157248428296 67.2814905789702 31.4159340111016 -0.912156900895598 -0.250011801938288 -0.324752039316312 0.306006697852888 -0.942571319891688 -0.133862645225654 -0.0910800822461191 0.515195738480181 -0.0226677629913866 -0.146550230514005 0.0176153137176741 -0.553418969840135
-5.70080766564646 66.796801677104 31.5583821635202 -0.452421389859286 0.0583602142528684 -0.889892674085001 0.30763631970142 -0.926392507070035 -0.217156205633518 -0.299555049183961 0.467309696009703 0.0541409918173754 0.088389008964005 0.375446171365005 0.244900770436952
-5.78406020611911 66.2669735245209 31.5075115659113 0.0219532168773174 0.313460636127566 -0.949347399989704 0.40277046246766 -0.871880520873198 -0.278568325345057 0.234218594909856 0.11070477828541 0.218455345751495 0.0361533769426501 -0.331702943814735 0.392023926853156
-5.75011836186815 65.7822576510965 31.2660245558789 0.228032495693913 0.640650226892465 -0.733190608020988 0.490434153392962 -0.726101582745017 -0.481924094356005 -0.262770048836359 0.111144103296575 0.558008646799165 0.481052077221833 -0.0479758527821809 0.145342084464586
-5.8540268697965 65.471949589646 30.8177210420367 0.760650741002097 0.6051330567817 -0.234998795322453 0.452462500107923 -0.753796187039538 -0.476517569876185 0.225621637007861 0.647612417217648 -0.0883303130911128 0.162162549060429 0.175369862935908 -0.071677106096581
-5.79992476668274 65.334115902332 30.3565848899469 0.943365958541069 0.199985783965604 0.26470049957936 0.312607838194873 -0.802987694405071 -0.507431869449675 0.293929201489547 0.0682343028630848 0.326183073633804 -0.332716328080238 -0.0686703862317243 0.0728454214566154
-5.56031432644132 64.9820686789627 30.0177977419053 0.707804868480616 0.260267929763775 0.656713691719301 0.619960232417718 -0.67449828592532 -0.400875756942681 -0.403073733795544 0.12351258552549 -0.244032599482662 0.0767131246164449 0.225625189453874 -0.429505033032623
-5.14145536718216 64.9691491689716 29.7747942830479 0.069289405887606 -0.480327990115465 0.874347756984255 0.461991266087507 -0.761354703112099 -0.454866008960782 0.288580814946659 -0.00836737679946895 0.289849516398582 0.163073995586252 -0.157396832945878 0.0695648968634182
t = 400000
b = 20 20 20
E = -1.10159120190908 -1.40939350298312 0.307802301074039
-4.49088104332748 76.5540958459456 26.9677478303078 -0.955357125395937 0.262907281792797 -0.134805504841201 0.291356151806836 0.762605498006717 -0.577533070234281 0.214722781312371 0.344657397349842 -0.0309336796415558 -0.242753334627974 -0.00605844075552284 0.28770071856957
-4.47790408093238 76.8400701641461 26.4927378321481 -0.871139582033853 0.331497997488557 0.362249784368451 0.0106511833197635 0.750309511724787 -0.661000899325553 -0.0155737850550101 0.235388327224651 0.407467026444346 0.140861991342157 -0.0463419710760854 -0.106319125384982
-4.67186904339262 77.0216245378991 26.0068956849057 -0.294323411936119 0.567975623944103 0.768620465373891 -0.12797184917919 0.773579266162758 -0.620643476386178 -0.0516358028224665 -0.363612129535269 -0.167485388372944 -0.132898426160327 0.171955939655529 0.0516859460109651
-5.00506959105019 77.421588037612 25.7749821625119 0.265933825943537 0.465757664072506 0.844007700543534 0.00360635465173188 0.875047767737601 -0.484023138272898 0.413069385146055 0.236041032398553 0.704364978717393 0.0974693438546618 -0.197822428991243 -0.140702212044291
-5.23493121823494 77.8897517803487 25.7167832352754 0.792975865618033 0.285120223029153 0.538419664357818 -0.00493287614441756 0.886713009131348 -0.462293960776268 -0.263428979478242 0.490344378161574 -0.248443210640022 0.140748444200363 0.0440025345664493 0.225246542457873
-5.27891199561007 78.4666271159306 25.7595414145556 0.994495662988463 -0.0786314231460694 0.0692493724967165 0.104483401154052 0.793737023454286 -0.599220123561635 -0.634256083063411 -0.405649041588016 0.164480613941718 0.171757311199695 -0.161577743010305 0.614638011236162
-4.99037745836935 78.9834376323439 25.7320015632876 0.768419096980623 -0.529512343492849 -0.35937274449263 0.159534506327287 0.702340960273136 -0.693733318223572 -0.438450351542688 0.748816980128256 0.197655945343607 0.306619031637454 -0.263336210686682 -0.661795716623689
-4.69530278541283 79.3769032527119 25.592214512251 0.306904559651393 -0.746284926214305 -0.590650827621957 0.327094949860087 0.665505376543753 -0.670903486030124 -0.486530428621526 -0.0765313577984115 0.56308386378972 -0.271148259609376 0.484740954009395 -0.0263447974991891
-4.3203538086528 78.506974705768 24.8482393141271 -0.241244423254787 0.697385811298275 0.674873438837488 0.196349987403373 -0.64595518690245 0.737691384632185 -0.0130335810490024 -0.37346147263597 0.0693346335440657 0.0730719437417978 0.168444082586276 -0.000760375325246252
-4.07991486353878 78.3532598575785 25.3090425032159 -0.77166453941648 0.567207887811367 0.287765617494041 -0.121933606206294 -0.575977139652597 0.80832080900785 -0.430427627549696 -0.298866897224043 0.0986359621594941 -0.350465824215256 0.0673835614873614 0.154266806294668
-4.11160636971383 78.1632425438072 25.8235344134521 -0.935872195969168 0.341560078539846 -0.0864866785100687 -0.262453488731189 -0.512020809225944 0.817895382779739 0.0345972791819923 0.307381092486856 0.0740079368878056 0.15706120962224 0.515152771696186 0.0130381438838201
-4.28124029007693 78.184570869844 26.3953990886679 -0.760772487502653 -0.181657595131044 -0.623077635925253 -0.333447069275406 -0.714235346293756 0.615370556734962 -0.10464555207548 -0.26889860525091 -0.454428821386239 0.314747157396025 -0.0649105278561184 0.0498328027094507
-4.71522353583998 78.0479372766904 26.7166117979357 -0.129968871926694 -0.592460899875659 -0.795046020333777 -0.250879803033743 -0.756104670929868 0.604454341557547 0.290568864013775 -0.267349036729899 -0.102096153064193 0.34028512174591 -0.124020876741002 -0.319010010933059
-5.1234112737587 77.691026166878 26.8851891635588 0.536822991460785 -0.578382813350918 -0.614242946283712 -0.318024489544685 -0.813055659939733 0.487648354749389 -0.392355520213695 0.58545509591845 0.355628039749203 -0.117673331347745 0.125953385393794 0.128056616901935
-5.47527312839443 77.2939147752412 26.9344706014603 0.826415007414358 -0.421335249555518 -0.37351685772174 -0.32554152428326 -0.898792527566592 0.293589353277316 0.331914097390404 0.819819162412557 -0.213240830280244 0.0528278341043423 -0.337604734518986 0.841467764296653
-5.67149561188943 76.8519761329671 26.7735418644798 0.922531600199892 -0.118256845375045 0.367356455169385 -0.268574614830188 -0.880295519481064 0.391084996708413 0.191298531870779 0.284834518845373 -0.151172417864319 0.123256092436738 0.168056894455981 -0.494142409919595
t = 500000
b = 20 20 20
E = -1.04573023270043 -1.36002713297976 0.314296900279325
-3.95905708541584 62.3320840419742 28.0814706850073 -0.789706306208386 0.0944944400232744 0.606163963577049 -0.240868945812732 -0.956481556310227 -0.164697247643693 0.0752885742625114 -0.0657701302625761 -0.0312282208268039 -0.116079675536556 -0.0500355431972293 -0.192127542465732
-4.07412336326309 61.774642910661 28.3424891331332 -0.93891239271625 0.315750431000148 0.136913053165194 -0.337595162974996 -0.922304346405208 -0.188106880623541 -0.176945852714986 0.438534882768353 0.0607370573839138 -0.00108439413405332 0.0863192924232638 0.0581117583021978
-4.37183047809837 61.407134146029 28.5573792907257 -0.758135734388675 0.433176174478729 -0.487430620813779 -0.353873780209677 -0.90114181219635 -0.250433188678357 0.305653502403232 0.369002958891728 0.305980513631814 0.192211609406745 -0.362828779198472 0.0331366165087974
-4.85074724107226 61.1211745771207 28.6253492525872 -0.118319879912584 0.364442215699987 -0.923678665680399 -0.348138900421746 -0.886392503337635 -0.305135438846373 -0.224547157069755 0.519387422409404 -0.482822919407128 -0.0839123823848524 -0.285081398679722 -0.388640421337794
-5.2549376011582 60.7371264684287 28.3865908950098 0.446738625703717 0.373187344879314 -0.81311487867723 -0.0940233574381095 -0.884232288297026 -0.457485375273446 -0.203041201789944 -0.667365780183818 -0.436040656654882 -0.442519249562512 -0.109286885912904 -0.30434946220552
-5.62302907323297 60.4009109081885 28.0085376970393 0.782489262689898 0.28913922415278 -0.551460844332016 -0.0931081693045658 -0.821356774828975 -0.562764530910873 -0.389520894732746 -0.0317627387093183 -0.0618485949332521 0.228549529745525 0.0880644199776357 -0.630239406953138
-5.68328641210996 60.1922946823276 27.5347368863684 0.999824115979885 -0.00461643035143193 -0.0181776146898707 -0.0125455221689152 -0.885083005054862 -0.465264101383884 0.458223702966336 -0.0762105956618913 -0.0877384118521851 -0.0442299791606256 0.0575381722213636 0.636021393158836
-5.60075455977462 59.9063746894784 27.0638032929888 0.765879051903274 -0.189689493365904 0.614367295648383 0.281648894914812 -0.759977043369297 -0.585754892036737 0.16427973489486 0.0914521384237039 -0.385412358975767 -0.276483508647433 -0.311563040888542 0.705971010877003
-4.63441157795123 59.6665237294025 27.8007308019656 -0.775097554460529 0.275921674672091 -0.568410952142431 0.0880341513122927 0.937995540271376 0.33528249974281 0.00421689394725912 -0.246851740280573 0.373282559631696 -0.359523057179474 0.463128890798565 0.111635928097559
-4.50709880697115 60.1606997587012 27.5524294228661 -0.995329113978883 0.0392060723044028 -0.0882203987777757 0.0278110883277476 0.991529033509559 0.126872846084657 -0.599316217780696 0.387468911612965 -0.231972620125607 0.820017971542983 0.263981716885569 0.526960953781179
-4.60702856152698 60.6508436602973 27.3605810800605 -0.856110042042902 -0.129064656300879 0.500417735904005 0.0377294895272982 0.950119305468411 0.309596174065873 0.25041042104326 -0.57162245490942 0.362858300480977 0.302307032971615 0.347872632066759 -0.333675109497524
-4.80507093711896 61.2076823054734 27.3751808704826 -0.305269206839053 -0.42708603931423 0.851121745920461 -0.170953509544443 0.903843759484967 0.392226154169382 0.3695206197094 0.212430784116369 -0.530965671099128 -0.0744694401265724 0.120446393888406 0.383196985897742
-5.08824873416898 61.6257383091188 27.5391946449858 0.234970690393355 -0.430076652270717 0.871678179047555 -0.114451011175891 0.878305758761044 0.464198190612507 0.00161674721428693 0.14420687246663 0.0274841140072808 -0.144179576000429 -0.255095531984208 -0.110269633263822
-5.29498763545083 61.9454696229191 27.9275704833441 0.787392233144838 -0.353295387262741 0.505169120713113 0.0539388346945766 0.855819952668312 0.514453895627795 0.0281451197524148 0.200305106293866 -0.302278945532718 -0.00891331775239497 0.153189560721907 0.342971310621141
-5.18901469441958 62.3282799247865 28.3339528933207 0.79434991463288 -0.584956838363606 0.163809982523471 0.438152304933043 0.738506929333942 0.512474460834468 -0.365235106636146 0.105128186858996 0.0640824158195032 -0.129671822485995 0.0357123498810278 0.227930425861562
-5.02330295696051 62.4684210034009 28.7401931829154 0.815071519138002 -0.115849248346852 -0.567659554968962 0.439663788217869 0.761764144568595 0.475826797668613 -0.960498800928836 -0.0375954203252093 0.25741597013261 0.36781158734427 0.195011017818988 0.00475658361982218
t = 600000
b = 20 20 20
E = -0.87995717895558 -1.24751040981757 0.367553230861993
0.722619367187985 67.4162351571744 14.1779300137493 0.659997545112455 0.350708946800045 0.664384282685799 -0.702090824505691 -0.0267661422794084 0.71158418178906 -0.32244694538187 -0.018175330358489 -0.179731620058357 -0.160587305698266 -0.0421947896853329 0.626212600327301
0.537078838690942 66.6001249930603 14.109717172806 0.849756254181666 -0.0287687353309368 -0.526390224402594 0.327100236864418 -0.754283369440055 0.569264467211337 -0.466306936018165 -0.195646640222523 -0.286668969508581 0.0552047322593557 -0.100506705870139 -0.186218961524388
0.62947732993392 66.1620542757442 14.0159256914056 0.853597011663069 0.353879860430267 0.382284169253376 0.10894792251669 -0.838888038404673 0.533289048453864 0.626370908881966 -0.264004187302635 -0.301800116011689 0.254644933358573 -0.634893611786379 0.129827639559056
0.829874954081976 65.6697698984967 14.0918045033507 0.427281833631317 0.624846233198048 0.653450395597727 0.178502776336773 -0.766824116270846 0.616536725220397 -0.149012401958127 0.0176458188868895 0.389015591285376 -0.690686687421933 -0.282248423747543 0.252767482793007
1.23824916687907 65.2775063271558 14.2505594376043 -0.0997428705476787 0.590836609750988 0.800601936266017 0.364744223286368 -0.726893813874523 0.581882320516971 0.219348348836805 0.546039153604345 0.278241672006722 -0.0111824363940971 -0.564575674876901 0.241576660926057
1.62624449691092 65.2174879605348 14.5710198339296 -0.665677971714481 0.218980512879539 0.713386552265376 0.350498620962969 -0.75221842799411 0.557958917205456 0.161707813638831 -0.0198185356149974 0.327841133341824 0.205901687371786 0.518905146520317 0.622832921230532
1.80185907522275 65.0298790066572 15.0229222201333 -0.97320133139458 0.0854859634277034 0.213474398063673 0.0917355580415375 -0.706935970543312 0.701303159085154 0.609092343838463 0.0997060389776837 0.723089269098868 -0.0912105882844794 0.29194221100142 -0.278360585080864
1.87739349605684 64.9089322371701 15.5100970046005 -0.835971529208688 -0.4078177231846 -0.367200635904945 0.139997846581438 -0.805477257762872 0.575853271397662 -0.601076521961418 0.613033813960717 0.266545561937243 -0.0241953522038419 -0.0106702625905475 -0.209728183311152
0.766468902654896 64.5521125259689 15.1804312028838 0.854668318725417 0.276519607523471 0.439407523401852 -0.0785805698681503 0.905506366552929 -0.416993182403839 0.0774712627170947 -0.449767117786117 0.193372389916722 0.329687164225007 -0.0875602720043085 0.135229696417054
0.630516592291215 65.09649898985 15.2462432554715 0.975170401747894 -0.0846082102777295 -0.204656146520141 -0.0273146217435192 0.871130334679936 -0.490291598377365 -0.353237435517365 0.497042346297242 0.568386851928071 0.0782944186489264 -0.51900181706426 0.0799100545304519
0.803730860506686 65.6050848111874 15.3594096544444 0.62340653519144 -0.441287371961835 -0.645468626059856 -0.00687668513354108 0.822388959744363 -0.568884091966195 0.185851704597252 0.076776924465309 -0.535081868383196 0.403635189255581 0.105224941674268 0.30081793998823
1.08318579194317 66.0351599461975 15.2080741125656 0.104350793941343 -0.65451553988225 -0.748812606635639 0.153916372830084 0.754479950640565 -0.638020183267182 -0.380473953569205 -0.562985843813639 0.279133423696802 -0.339433655848448 -0.30618098047718 -0.020317884040864
1.4182641353757 66.3941985516943 14.942027897409 -0.499195201751951 -0.53041328336683 -0.685175816397395 -0.00707539724163684 0.793217934674938 -0.608896745650608 0.366076294536944 0.214928687674309 0.647223637672587 0.928359851566896 0.0843620631705939 -0.134342886012431
1.60542673363465 66.6219375950925 14.5099388747855 -0.869772953669118 -0.351540019056493 -0.346286910043449 -0.115905399593303 0.8276744812703 -0.549109179853273 0.123423807901535 0.416935259892031 -0.295178330032843 -0.328725704033956 0.221541624720239 -0.0748841079574372
1.58394952428092 66.726007928947 14.0227359928672 -0.959702246559898 0.0440403736093297 0.277546470776074 -0.144479855005439 0.769789098711036 -0.621731706609316 0.28129196365647 0.347928611455381 -0.217079105682244 0.358723771263156 -0.437681267251417 -0.258222052007925
1.41672615548089 66.9267341854889 13.6011560625937 -0.572451740917203 0.461701728004747 0.677591704995194 -0.241501772427876 0.694792828103291 -0.677450972344436 0.00385581312375815 -0.0332521887529253 0.0217168157909344 0.119088124804739 -0.306435764953448 -0.242483093553464
t = 700000
b = 20 20 20
E = -1.11801314246155 -1.37440104238518 0.256387899923625
6.10269366056474 85.6992011580917 15.2040809368565 0.685395971966936 -0.728165334855993 -0.00275802930084917 0.187191217154606 0.172533543594142 0.967053061912884 0.905414169265732 -0.153401589871324 0.13736630675417 0.232534891192686 0.0871971889798495 0.100519155044867
6.05212020746818 85.3740766093041 15.5965717807703 0.989493751158039 0.140802782828488 -0.0328129969214984 0.0430709082242513 -0.0704348171605982 0.996586089305017 -0.735917498102669 -0.512269499727676 -0.0229313520117995 0.507747528669736 0.13544415626433 -0.530714260271861
6.2334570280996 85.1471696590452 16.0096255754336 0.643760584227812 0.763783327453819 -0.046982325381959 0.0581068161961914 0.0124281713288216 0.998233008104309 -0.230408125784866 -0.105055348457478 -0.0743596792552485 0.111395043118906 0.192003183280157 -0.0914597518058788
6.50024697474251 85.0622824036671 16.46990680329 0.190369587498348 0.969536646711438 -0.154136662865305 0.267412378859165 0.099858480258659 0.958393918779397 -0.543882641261423 0.222430707970338 -0.321596034629499 0.18807646647475 0.370742345837673 0.508758254743607
6.81664712805531 85.2209796971076 16.9084397835116 -0.150703016259418 0.933384446229157 -0.325702435403486 0.33511959824204 0.358192136341346 0.871431723279182 -0.249251486453127 -0.157007775198178 -0.205675380917647 0.186653354080774 -0.468057074690857 -0.291007539855648
7.13350552155269 85.4055004930395 17.2263212562277 -0.749702972705747 0.641659847275788 -0.161920020720655 0.159374577345496 0.412536623439612 0.896890895492274 0.0152796981704042 -0.020552118241054 -0.0476017980825824 -0.168341350664732 0.171438132860257 -0.293632254154683
7.30737804783253 85.8419047277563 17.4913091039831 -0.98987382592539 -0.0216757687947065 0.140285315678646 0.114276008828526 0.464572865888372 0.878130426580527 0.354487183689751 -0.261640926162085 0.180569207014 -0.00105440716468152 -0.0271782202111732 -0.235856153627829
7.21176998523691 86.3112396143263 17.8317874747093 -0.752521366269246 -0.596928686220532 0.278186514546209 0.123889523382482 0.286555416362099 0.950019673138201 0.274411295216555 -0.537476443706003 0.0135154875870809 -0.0146122567930779 0.000515125438090664 0.133335044377442
6.25203388204192 85.6161356513588 18.1291778676854 0.695419937815797 0.683875251427269 -0.220693793690681 -0.242747697196538 -0.0654981900224266 -0.967875788833207 -0.404227493465155 0.0755684320266042 -0.135386472908045 -0.0977956586710801 -0.243826866161257 0.328328927657833
6.12871219946442 85.8609841793706 17.6990233664884 0.982141422545393 -0.00848362533763208 -0.18795279785533 -0.188053737113978 -0.0132958988413584 -0.982068740481801 0.473929238037175 -0.0823730108113597 0.107338985349357 0.0786317394692485 0.10832709770285 -0.70098155309052
6.21481985779794 86.117640449975 17.2138618085171 0.820467246915211 -0.567139526849618 -0.0720156498561856 -0.021174313538004 0.0957362503835267 -0.995181500435325 -0.0843729761718527 0.221585903425897 0.360351665207552 -0.0309455963898678 -0.0397697831015824 -0.0419268388073988
6.42064452508161 86.3187294248322 16.6240438849208 0.48253909206761 -0.871464045393741 0.0877863441120039 -0.0280533014506272 -0.115553042667224 -0.992905084390276 0.361344775870753 -0.480170970385972 -0.144677397635772 -0.187468558996096 -0.00876593876813592 0.068348030305853
6.62824140041751 86.2836242369852 16.1621190328188 -0.0189806865611091 -0.971501438360944 0.236272488454106 0.112203701636972 -0.236892000354035 -0.965034978385363 0.348562210539365 -0.0555565239996479 0.32697431577827 -0.0608129260418185 0.0729787226370848 0.130702575576842
7.03349935768808 86.0150129618676 15.9437367429581 -0.735337471302189 -0.677494509132687 -0.0167330031345407 0.212203787238313 -0.206731666186047 -0.955108146168622 -0.352583425443563 -0.511504698621194 -0.00128067470282821 -0.252715262427529 0.444805135501903 0.0514873483194147
7.20452377506264 85.6365953842066 15.5835824963232 -0.985249930088289 -0.170988696345521 -0.00674099273836967 0.0362955540753319 -0.170316502954008 -0.984720732784626 0.0220543661501544 0.746204723031713 0.0404744451951075 -0.22231026468947 -0.351450056302682 -0.237344779052159
7.08624102092532 85.2328552344617 15.2960592102565 -0.75222693593361 0.628119218475638 -0.199049954125877 0.115460626291887 -0.17176306532159 -0.97834875845358 -0.0132660214445019 0.106603097603111 -0.00299101784194405 0.379296599708579 -0.164295870924241 -0.114565427213287
t = 800000
b = 20 20 20
E = -1.13548038405604 -1.39463201976994 0.2591516357139
-13.0520012664806 60.3428112700739 24.9520933931582 -0.795030395409723 -0.118043660656663 -0.594972574622931 -0.597041117263601 -0.020887781293384 0.801938654068564 -0.524147098879351 -0.199907413467007 0.0941933787028101 -0.35326344252641 -0.0302711327463399 -0.483232395103644
-13.3530862635808 60.5736044347292 25.2882751580924 -0.51086580091832 -0.653603715832095 -0.558406944891076 -0.556219063897731 -0.243964173359177 0.794419180957976 0.00991350317725919 -0.0176140985681423 -0.0861360928503088 -0.0345403947126109 -0.122027689641701 -0.107597206539336
-13.8260664097147 60.5629441307951 25.5632498999915 0.100246703262435 -0.898077039755372 -0.428261869828791 -0.416445390654843 -0.428786056788568 0.801695549511174 0.136733931255466 0.175446818794778 -0.14424509590426 0.305603483732536 -0.242846764314546 0.271670903675172
-14.270590671502 60.2774941089908 25.7289770824991 0.708810520092198 -0.690975917017379 -0.141915216621167 -0.309603315669936 -0.485510564874508 0.817572796955394 -0.161098234686562 0.0266110867217721 -0.10552922521616 0.253040576776775 -0.483755381602571 -0.729305405360835
-14.4994603259366 59.8721684281357 25.8336817479269 0.924300116339807 -0.11645359730313 0.36346644220531 -0.375101862184578 -0.453036697904854 0.808737499648122 -0.346318235684677 -0.14314144349538 -0.406892960552397 -0.35365503145439 0.141239603293873 0.200305106109778
-14.624107477012 59.4398377751167 26.1359006237787 0.950022056416833 0.14513274130991 0.276395694107891 -0.225292471061851 -0.29415040442388 0.928826594182172 0.390744083093953 -0.402028022290963 -0.329517101790592 0.0805464727777655 0.0663263619720779 0.384570360081608
-14.5053117584833 59.0910714017748 26.4294378786193 0.543188707620578 0.753566438717548 0.370248092975538 -0.180479813115761 -0.325871434824857 0.928027394543332 0.0290666441703951 -0.582463034784229 -0.0125038021179125 -0.125950990968469 0.00805983162309085 -0.379286939028369
-14.2893258510916 58.8781891726627 26.8917193387631 -0.0723833666731222 0.96892438489345 0.236529458182164 -0.104041882553173 -0.243193002312094 0.964381900649975 0.331618073345781 -0.0690373984945466 -0.381039441752699 0.389935855888543 0.0806646296760185 -0.0805261667763921
-14.2481521223419 60.028806390417 27.1783947814769 0.00901987461348529 -0.957419329030111 -0.288559994215235 0.574474862058777 0.241159098765899 -0.782189824751614 0.104421416324888 -0.0798285673604636 0.0882478050407397 -0.542110722529268 -0.214877480469081 -0.230540025521084
-13.8109789641539 59.9583268005237 26.9177265925961 -0.562931750243337 -0.713944773996955 -0.416402094435641 0.529141796574184 0.0757078268835287 -0.84514926732904 -0.0797426475836837 -0.285407545507624 -0.0795619666276498 -0.0117111575311312 -0.138896281364467 -0.0591904997380465
-13.4618642513477 59.7214810227465 26.6173039751255 -0.883467613409622 -0.223394888897255 -0.411800558123614 0.432071478116114 -0.0487286030844439 -0.900521938122573 0.0393006689738179 0.424296253547774 0.668299691604477 -0.265949835477477 0.292522610497571 0.400282790327427
-13.3412211451748 59.5544252676982 26.1094916490874 -0.967514409487355 0.222068378665543 -0.120836677507949 0.174309636787106 0.239750712956963 -0.955057980522521 0.149546381091512 -0.540645564992434 0.240380739967054 -0.435279012991709 -0.218690229687025 0.509964807388117
-13.4392085402429 59.4260843597138 25.5663435452269 -0.572134072489549 0.793037580065338 0.209174567528096 0.0960351843736246 0.318064264830663 -0.943192645645666 -0.222295972150461 0.429953849183977 0.256479272097687 0.285323877368951 0.165187107629219 -0.222323699051257
-13.634383685279 59.5002905291466 25.0763534416263 -0.185414068355892 0.898173074222119 0.398631097630507 0.0681339850740228 0.416439426114539 -0.906606841169499 0.104461706133641 -0.236642417137712 0.320439227487664 0.127653549096625 -0.0647245854019751 -0.285272369784553
-13.9053680105687 59.6290671741718 24.6313515859272 0.333780790764756 0.802341277785722 0.494811941728978 0.396885993252331 0.356507668986424 -0.845803635789007 -0.14538621943272 -0.178874946293713 -0.0505918128901999 0.473668807740399 0.125450975141586 -0.539561374933532
-13.9162305035736 59.9942306328825 24.2595566639815 0.782368015145213 0.251965960220433 0.569573036377212 0.451282808344784 0.400928297883574 -0.797245462105994 -0.0138935153422776 0.42207641180206 -0.458573077079776 0.57779931441563 -0.0118236760256751 -0.153322709432461
t = 900000
b = 20 20 20
E = -1.11579843674214 -1.45482327975597 0.339024843013838
-29.2100794830447 73.1235466767382 40.9262514144555 0.308525157051073 0.714299038903994 -0.628163283301002 -0.506510450626778 0.68233744687489 0.527126903125017 0.431171899237865 0.102623213336464 -0.0152461839338867 -0.398667801290572 0.454645631272392 0.322085725284469
-29.1551302381753 73.5230248773495 41.1747031448844 -0.432630575875266 0.331008799977186 -0.83860834670035 -0.398694150131653 0.764026844433782 0.507253344627092 -0.351270796323418 0.494437429114722 -0.204462054383108 -0.475613763060589 -0.279907549462062 0.214815541022798
-29.1727703925775 74.0945023762648 41.1654348076638 -0.819644043496937 -0.109855786476781 -0.562241361105331 -0.351490123417394 0.871432977895227 0.342139237996266 -0.272739641900669 -0.619458828502954 0.0734267688631738 -0.416090493973252 -0.296366609864865 0.141181824470377
-29.2786226215512 74.5920501977447 41.0928558750373 -0.894185893152251 -0.442947513064946 -0.0650314474472296 -0.441017116295684 0.846507079129621 0.298210778003994 -0.355115865508597 0.153492466472973 -0.00139881304100083 0.591255557384747 0.277881549147027 -0.111030419602177
-29.6409778336573 75.0037451580883 41.0027249752509 -0.607906078259895 -0.614537817190544 0.502785711071122 -0.533218352407165 0.785157471858947 0.31496973353044 0.237904206118063 -0.337705553623969 0.720104006073445 -0.103629317786062 0.224880818745089 -0.684570738084121
-30.1461551286257 75.3173178706733 41.0582988320388 -0.0542448274653913 -0.595649516132041 0.801410726547227 -0.610052855624186 0.65515573602855 0.445652863666009 -0.165966343238772 -0.186195121425325 0.303800598898528 -0.0973947488807539 0.475013530412071 0.123347835592151
-30.6201853993372 75.496158572116 41.3221795265312 0.536369342689679 -0.377673095221711 0.754765500912919 -0.485400747686636 0.593541426190743 0.641946017622012 -0.0101104468434807 0.0522965338521486 0.219641511731781 -0.125373148389402 0.23344816118144 0.091018123937427
-30.9768314457637 75.6030950561078 41.7448080949273 0.924894244725457 -0.00538546761743691 0.380186313289061 -0.318201427315434 0.536371554804917 0.781699051330225 -0.243020410211205 0.059909528402376 -0.11675592517517 0.306872348914957 0.0623476966225996 0.161353874124949
-29.9959122444811 75.4821008194361 42.3489760581505 -0.880219467438813 0.00501112518862989 -0.474540385811408 0.288796889519584 -0.78781633473806 -0.544005311852481 0.181922519631726 -0.268299845645608 0.0364046338349308 -0.187831190354737 -0.194989078840404 0.34925813408081
-30.0981022342458 74.9577270732188 42.2240165423303 -0.46455151307602 0.487600889281147 -0.739213950403357 0.343566463013188 -0.670129765689421 -0.657942385494068 -0.499484626826814 0.0940115874563865 -0.426514692842616 0.00944422501599874 -0.0894365428941127 0.109954152998047
-30.237954052279 74.5417344799735 41.9516428040555 0.139053575828988 0.693801879724911 -0.706613794614385 0.378586622369637 -0.696588126003676 -0.609456439849028 -0.392150507699341 0.420300455951563 -0.105340289930229 -0.368178993591838 -0.163566714573602 0.106772058339429
-30.3326664645483 74.2243530920951 41.537174078564 0.570100053527098 0.690032602613711 -0.445915839927792 0.450585975571473 -0.716452899088455 -0.532604470508869 -0.129612375889054 -0.368947561510608 0.22291113453196 -0.691640368054302 0.107496480255474 -0.360206463575593
-30.3672374295587 74.0508164918297 41.0175441630611 0.893413730129367 0.438507051584758 0.0975882806835892 0.427359058008776 -0.762650109236275 -0.485519357409958 0.0136127907676159 0.486894327956135 -0.513848164378579 -0.585815964319513 0.369605641879116 -0.102771605890194
-30.1524945494731 73.910607428889 40.5083392270038 0.783891818419268 0.180952185941389 0.593944377377541 0.511816234296236 -0.729872192691961 -0.453134333995848 0.125243301395231 0.0245112168053402 -0.11427101993264 -0.286891114488981 0.401336274090853 -0.0475475074860588
-29.7089055290783 73.7380875002796 40.191544904083 0.472848876086625 -0.105771737144051 0.874772130331759 0.670224768221545 -0.601317064025863 -0.434990285608451 0.161914919002136 0.177783266196617 -1.01307582593309 0.534495398566843 -0.248327981881734 0.626464082657886
-29.2626628879598 73.822698306076 40.0226029893347 -0.090011794736144 -0.780736983519939 0.618342655307327 0.741314554058712 -0.467137342307504 -0.481908119212184 0.366607363728558 0.207077726900961 0.155985532993326 0.29477793514277 -0.194514702383176 -0.786564257437604
t = 1000000
b = 20 20 20
E = -1.15831700709596 -1.42944451216387 0.271127505067918
-44.2477137215178 84.2212775527398 42.7071981812796 0.327446377590117 0.644984585540601 -0.690488055087219 0.837079303180968 -0.536982712166517 -0.104631768695543 -0.196807343739178 -0.405348335382358 -0.139657231422906 0.04281559751809 -0.38115197454488 -0.198097133512588
-43.8818546361243 83.8307503524494 42.4414586355638 0.357725865096732 0.921630838132968 -0.150428732771096 0.933207744328893 -0.358683847441086 0.0216611059144875 -0.0876114127879078 -0.763101347106107 -0.0244041150092612 0.264827328002569 -9.37199307735606e-05 -0.027403197100274
-43.5082235161894 83.7271142295718 42.1027431685433 0.319801139032585 0.865691438205424 0.385104616034766 0.934226547891595 -0.355861768133096 0.0241486893172254 -0.433480946048284 -0.236049435156353 -0.0459725068758451 0.157155661241602 -0.113118460375235 -0.650905389353373
-42.9944467634632 83.7040955427554 41.9081005103337 -0.0399595476057364 0.437448459571496 0.898355208018337 0.917571286046661 -0.339854932747359 0.206304531481897 0.674979696413932 0.367367370980272 -0.0107455806864828 0.129327006546021 0.280858243540691 -0.140952719895586
-42.4161361025762 83.8185058644671 41.9413115411122 -0.292588476766628 0.0745908844525127 0.953324804680953 0.897901130284239 -0.3214576907213 0.300729967429946 -0.287822555414452 0.268753413413228 0.0985891186434144 -0.0816387862027985 0.281960359604413 0.200913048046805
-41.986695673955 83.978249358477 42.198081456616 -0.450831837920362 -0.478228344042236 0.753689793530448 0.864489177630569 -0.444198866057325 0.235256942836994 0.266006821285657 -0.292173832394738 0.106033662420017 0.578655854831788 -0.0243335025235779 0.0682847140955985
-41.5690386817058 84.0228375160452 42.5455307380679 -0.587747904252013 -0.786405390529987 0.190049895534689 0.80145336493008 -0.533838299946462 0.269609297600292 0.62862874921632 -0.173733093975578 -0.215320410440818 0.338307563265182 0.0895415830685304 0.14008999044463
-41.1794009056338 83.7599744108096 42.8454878014657 -0.645906217272942 -0.724627510866181 -0.240250138364251 0.656718293706848 -0.687866287858953 0.309129508034919 -0.256303135122506 -0.221752867986306 0.0816709757135058 0.538297368056584 -0.121185857047464 -0.251385884679373
-41.7937692970803 82.8491204095004 42.469667662881 0.443846511062884 0.771999038640788 0.454992042738116 -0.866540614008559 0.499104215503151 -0.00153177695991136 0.00545615969276216 0.111773319676545 -0.438972822257754 -0.309310182638856 0.287505575047626 -0.226717056460743
-42.1829294336983 83.022023370453 42.8036736070434 0.432113531129903 0.879159060557913 -0.200891120892322 -0.879100417053136 0.46032968690408 0.123608398144276 -0.0398636673692243 -0.364867230415211 0.0166414140742287 -0.727041507658157 -0.278368466782599 0.570873419086609
-42.5476480641146 83.4031056693299 43.0655225372843 0.49426416044768 0.504543688896312 -0.707911439158778 -0.832863390658778 0.508169545983341 -0.219322331365162 -0.194282694198106 -0.455252126984909 0.0852653930049596 -0.149795991353369 0.397887614950356 0.391193403053076
-42.7866364770586 83.9168810686741 43.0716852408698 0.337504041442791 -0.0354554778509953 -0.940656117345834 -0.785492386218161 0.540077546843426 -0.302188607642458 -0.365369692330859 0.194525975348737 -0.252229528987555 0.519283229948166 0.330688538319376 -0.0563148900429485
-42.9980778146307 84.3732458319571 42.9593100929534 0.0726690366775638 -0.494137394659099 -0.866341414401893 -0.898240859885527 0.345087211095637 -0.272173059596913 -0.480764618634608 -0.175573126307823 -0.024121365746659 -0.178808670464034 0.0970500730020949 -0.247595989957444
-43.1607438590397 84.7291860352591 42.6139233767106 -0.265982482715964 -0.880490543282872 -0.392415241902866 -0.865820220258913 0.397176336323783 -0.304312839123204 0.373201317062653 -0.316651114547093 0.317241180494076 0.203668067793411 0.0629002485011229 -0.332676164661654
-43.4516004583531 84.9470039041178 42.2260956780845 -0.419046604273144 -0.888780023040028 0.185661019312387 -0.859194052638561 0.322044240903817 -0.397584062571943 -0.14880737628802 -0.524443017234149 -0.264181184269351 -0.36599135455648 -0.204900235077834 0.235178151595157
-43.8417373636495 84.9239404108742 41.816568975595 -0.360888115274959 -0.499983768967756 0.787258533788034 -0.925027671356286 0.299321314335699 -0.23394563045613 -0.0743550996250409 0.262630103604455 0.0121248132031684 -0.103153509840811 0.195697857451221 -0.0490353605371758
